,timestamp,we,es,se,ew
0,0.0,0.0,0.0,0.0,0.0
1,0.002778,359.9791525365299,359.9932011906877,0.0016096301090549048,359.9999187199257
2,0.005556,359.9583079453997,359.98639665698994,0.003219230885619595,359.9998373623273
3,0.008333,359.97449621714827,359.9744388924939,359.97356063631884,0.011457678002471994
4,0.011111,359.9906921040068,359.96247834576644,359.9438917506307,0.023085728279664153
5,0.013889,0.00688978034187393,359.9505193266943,359.9142232554731,0.03471731622004803
6,0.016667,0.0053824618227338306,359.951295064708,359.9206105652957,0.031533298795375586
7,0.019444,359.992580685029,359.95132337585017,359.92588231709317,0.030930568253106472
8,0.022222,359.9797760375734,359.9513489840712,359.9311561576833,0.030327600016608613
9,0.025,0.01653738393904014,359.9591238501492,359.9203901215305,0.035342016771702234
10,0.027778,0.02139998269597676,359.9597563075736,359.91648627919324,0.038670012525734876
11,0.030556,0.02626289579140284,359.96038870951395,359.9125827458647,0.041997584036700175
12,0.033333,0.029035200946799122,359.97897400532565,359.9431756180018,0.029696649873429237
13,0.036111,0.03180864737562494,359.9975676141796,359.97377826887964,0.017394065518489654
14,0.038889,0.034582236795657195,0.016162840242927246,0.004379678081832594,0.005094247090145387
15,0.041667,0.04002526081080937,0.021961760123435425,0.0008277087127019911,0.011555765631506176
16,0.044444,0.030344804844919082,0.022186711413485938,0.0040918537830556545,0.01113639569130953
17,0.047222,0.02066311346298555,0.022409893354224053,0.007356847989925086,0.010716796165210596
18,0.05,0.017825578526954544,0.023964643356700677,359.97021139131124,0.04938490224454917
19,0.052778,0.02225385409982472,0.022139559766955585,359.9613664070516,0.05360270911735476
20,0.055556,0.02668203900762478,0.02031406308867645,359.9525210138147,0.0578204591883793
21,0.058333,0.02317914252039799,0.01961135723327878,359.9475814259871,0.06234282256580137
22,0.061111,0.01967499778492332,0.018908401593774826,359.9426400243491,0.06686676274177117
23,0.063889,0.016170866217326108,0.01820544921265821,359.9376985877003,0.07139063678146762
24,0.066667,0.013297605180840222,0.018319234423907815,359.94115458430707,0.07009630090416863
25,0.069444,0.002069525522939486,0.02363039930533617,359.949154221233,0.0692020175550816
26,0.072222,0.0016777394399802859,0.037470212587290774,359.95935583400404,0.06926457354737181
27,0.075,359.99485774674963,0.03162071450076631,359.9508883498767,0.0754320840526237
28,0.077778,359.9880378252176,0.025770676637044687,359.9424211301033,0.08159884753250779
29,0.080556,359.9857487929601,0.030582483773146762,359.94596298473397,0.08372223737115192
30,0.083333,359.98346059867714,0.035392508768534725,359.94950361594294,0.08584469549362339
31,0.086111,359.9811715944048,0.04020421569692978,359.95304557358924,0.08796777905117459
32,0.088889,359.99059533585086,0.03324164321142398,359.94553890787256,0.0883761423709366
33,0.091667,359.9874209832975,0.031021179411673927,359.9409809662234,0.09160727492871779
34,0.094444,359.9842477736002,0.028801689742859793,359.93642667437274,0.09483532153589813
35,0.097222,359.97682317676873,359.9871927171898,359.85963743718804,0.13002506893069388
36,0.1,359.9743752206044,359.9830368233706,359.85718615871644,0.1299107187799713
37,0.102778,359.97192734802087,359.9788812096382,359.8547350067918,0.12979627700454266
38,0.105556,359.96962439973686,359.98276490226726,359.8502548100288,0.13704893766621318
39,0.108333,359.9533352742585,0.01609142403837005,359.891879334594,0.12689484691465402
40,0.111111,359.9370364113147,0.04942747988786245,359.933522113201,0.11673147036736076
41,0.113889,359.9643174089687,0.04007329037167828,359.9409353088417,0.1030102020286634
42,0.116667,359.9950085848471,0.06796634874109131,359.9288831487987,0.11777282791205224
43,0.119444,0.02567920367890686,0.09583777547961247,359.91682444999856,0.13254097061290615
44,0.122222,0.022897653474268864,0.09429541836277444,359.92084411668185,0.12583657341894394
45,0.125,0.00776496742990318,0.09356191053253404,359.91843727353995,0.13082225836467742
46,0.127778,359.99263543394466,0.09282720185860072,359.9160305637721,0.1358076230716989
47,0.130556,0.007844831854070478,0.09923770512490648,359.9263191244468,0.1288672600796641
48,0.133333,0.02304697163034497,0.10564534944261794,359.93659788231156,0.12193517212216598
49,0.136111,0.03825280107508888,0.11205474964468642,359.9468742474754,0.11500638906809613
50,0.138889,0.042778693549982094,0.1215311542142814,359.9573277573819,0.11068453209146156
51,0.141667,0.04377791010289833,0.13005222250145643,359.9624622184042,0.11130963332788113
52,0.144444,0.04477686285421001,0.1385707421795388,359.96759546882834,0.11193433728949032
53,0.147222,0.054353010941943225,0.14509459393438462,359.959614832171,0.1197853646965239
54,0.15,0.04768671130788782,0.1441758707426839,359.9569268324876,0.12409983272722513
55,0.152778,0.041020535893450116,0.14325635572351025,359.9542380981795,0.128414617735098
56,0.155556,0.04251472723143479,0.1526284787256813,359.96630517741903,0.12431579503543588
57,0.158333,0.044699287286881884,0.15625851056909035,359.96279415606205,0.1298041228694391
58,0.161111,0.04688469265160222,0.1598899857146403,359.9592817692983,0.13529445251039895
59,0.163889,0.04497775207745924,0.15828539380374096,359.9542302816528,0.13911838454404268
60,0.166667,0.043070819138515404,0.15668079210248465,359.9491788594694,0.14294216993232034
61,0.169444,0.0411645802707703,0.15507675822548173,359.9441293211143,0.14676441652910022
62,0.172222,0.04000136863133541,0.19253982436708483,0.004601425571266304,0.12432452911731318
63,0.175,0.022437809936640463,0.19401229897501615,0.003947572967962998,0.12584384632302914
64,0.177778,0.004876140790676331,0.19548470443731603,0.0032935164939225103,0.127363204052374
65,0.180556,359.9873088453951,0.15111408696827588,359.93481030832737,0.15704177805227637
66,0.183333,359.97928642742136,0.14492797871926477,359.9265726657764,0.16033555461520166
67,0.186111,359.9712613665189,0.1387399206733484,359.9183321364261,0.16363060309499566
68,0.188889,359.9886494275028,0.16199556863231734,359.92607286209056,0.1642187958235315
69,0.191667,359.9863785464771,0.18104159627318772,359.94171132963976,0.16615013118605404
70,0.194444,359.98410853783383,0.20007888352805026,359.95734244390894,0.1680805912136485
71,0.197222,359.98608466723937,0.20849651192935248,359.96426572275965,0.1664144886972121
72,0.2,359.9880606051764,0.2169140516125161,359.9711890667592,0.16474835110205
73,0.202778,359.99003635164905,0.22533150249568834,359.978112475823,0.16308217812064818
74,0.205556,359.99838591929165,0.23130506435125042,359.9718171124939,0.16872232722768032
75,0.208333,359.9958422715786,0.23701116731933958,359.9731289259169,0.16977867010779768
76,0.211111,359.9932977278203,0.2427190360843703,359.97444101161926,0.17083539392232083
77,0.213889,359.9947981867801,0.25361984410433003,359.98208401621747,0.1712659564083161
78,0.216667,359.99470397338786,0.25422691766968875,359.978415449544,0.1747767353807692
79,0.219444,359.9946098349959,0.25483378330061157,359.9747479817706,0.17828635023286132
80,0.222222,359.99484711244173,0.2546134025085216,359.97288293391347,0.17960066898664984
81,0.225,359.99309292044666,0.24715872639837855,359.96180594080323,0.18529652980174127
82,0.227778,359.9913385194649,0.23970441471205817,359.95072867655676,0.1909931257027324
83,0.230556,359.9916094867485,0.23819469025808537,359.9466046094715,0.19268247792099658
84,0.233333,359.9918803730169,0.2366850643816374,359.94248178847783,0.19437088929018387
85,0.236111,359.97628860265155,0.22449920750059782,359.937612751698,0.19753877645129236
86,0.238889,359.97524890084804,0.2258407911882898,359.93172008219904,0.20269498760720772
87,0.241667,359.9742091545686,0.22718247497748756,359.92582674807284,0.20785185861925015
88,0.244444,359.9707436602427,0.23850796459675827,359.9414689076875,0.20111965526978892
89,0.247222,359.96642007032403,0.24112309292586787,359.94225107786343,0.2034083986592936
90,0.25,359.96209666863166,0.24373840880365627,359.94303347036004,0.20569701855255218
91,0.252778,359.95972624528866,0.24243379253030461,359.94300998214806,0.20362145840612378
92,0.255556,359.9489587819554,0.2402944430624121,359.94149511932426,0.20477811822142833
93,0.258333,359.9381958857279,0.23815575297850877,359.93998079337683,0.2059342209381434
94,0.261111,359.9472233786937,0.26028496339705853,359.9524438809248,0.2053872519051776
95,0.263889,359.94491990069855,0.25743092912390253,359.93744449025996,0.21698365729779212
96,0.266667,359.94261605721164,0.2545771124939957,359.92242995205527,0.22859539314968558
97,0.269444,359.9451560295645,0.19069743195577082,359.84949495176033,0.23553406832439627
98,0.272222,359.95121948644874,0.20121770246852755,359.84441486370304,0.2461831323252568
99,0.275,359.9572826001949,0.21173840170388125,359.8393231067844,0.2568445953351688
100,0.277778,359.95532742772133,0.20901305420758476,359.8381081726869,0.25717935912491363
101,0.280556,359.9533722537412,0.20628764506194486,359.8368931765221,0.25751401506465754
102,0.283333,359.95141778206573,0.2035631553667656,359.8356785556808,0.2578484254230169
103,0.286111,359.96111528933557,0.22247670440406786,359.8572825981714,0.2489815304901395
104,0.288889,359.9612200379893,0.24785045785612958,359.89795767684114,0.23539933051396922
105,0.291667,359.96132510176295,0.2732420978098169,359.93864221140825,0.22182536548900345
106,0.294444,359.95824403837605,0.28292373233252377,359.95438405995003,0.21638951626338532
107,0.297222,359.9583797196778,0.2763641224673954,359.9501984149336,0.21609562430213458
108,0.3,359.9585153596387,0.2698045648272487,359.94601294917504,0.21580161078285975
109,0.302778,359.9669052401255,0.26296852096731627,359.93214693388467,0.22027491526749365
110,0.305556,359.9664945783687,0.2620710567646505,359.93056015028645,0.2207066064938239
111,0.308333,359.9660840724773,0.26117378117443124,359.9289738205987,0.22113798400637563
112,0.311111,359.95372213323833,0.25262584933502197,359.9257351895153,0.22131615880902977
113,0.313889,359.9482378560247,0.24793362280339792,359.9221340507581,0.22170909759166335
114,0.316667,359.9427536324646,0.24324118990728927,359.9185326455935,0.22210195225327567
115,0.319444,359.9355316896471,0.23756392717518615,359.9166100792929,0.2222488800023683
116,0.322222,359.9307539843285,0.23681591912776945,359.9195107507641,0.21991063902702912
117,0.325,359.92597641448754,0.23606808324467465,359.9224115068812,0.21757229486477137
118,0.327778,359.9167236698685,0.22411680166988113,359.9128402469572,0.21966690520288168
119,0.330556,359.91390648339143,0.22650275758163652,359.9194457790034,0.21730072755770458
120,0.333333,359.9110902642445,0.22888839963991892,359.9260492343564,0.21493549374906884
121,0.336111,359.89797687154095,0.24309040744117638,359.9432929681953,0.20720345956131325
122,0.338889,359.89483378525915,0.2450368756191459,359.95094933705354,0.20399141473198057
123,0.341667,359.8916905956515,0.24698359487629595,359.9586057728635,0.20077952000628763
124,0.344444,359.9252926571684,0.25636112985949566,359.95790193408465,0.19843451529303024
125,0.347222,359.937037606103,0.22675332686743666,359.9121471898962,0.2124899770780484
126,0.35,359.9487827915642,0.19716780668132294,359.8664043325076,0.22655570810334424
127,0.352778,359.9959853625532,0.19195252471130964,359.866719888861,0.2239231133967028
128,0.355556,359.99677394769515,0.19824388018432515,359.8759211133761,0.22050711317350213
129,0.358333,359.99756219989183,0.20453352094937038,359.88511925685725,0.21709252942522106
130,0.361111,359.9468730892462,0.20152161359308352,359.8918769746008,0.21102373923763018
131,0.363889,359.95146011077816,0.22189004445123928,359.9296282357593,0.19586775256858324
132,0.366667,359.956048250168,0.24227053061582637,359.96738444259375,0.18071854817666733
133,0.369444,359.96232990941337,0.2398887867667412,359.96570756284,0.17934072625804554
134,0.372222,359.9686144618145,0.23750677033730483,359.964030869352,0.1779621101809905
135,0.375,359.9748996454541,0.2351253389392518,359.96235496599553,0.17658317734454876
136,0.377778,359.98450211999295,0.23788299235887145,359.9648071149294,0.17277928013559674
137,0.380556,359.9941046254121,0.24064032210671193,359.96725910288166,0.1689753359300017
138,0.383333,0.003703704967289667,0.24339633577411313,359.96971004725884,0.16517269515441946
139,0.386111,0.00415142228403198,0.24371242654676273,359.9682375924384,0.1660868955540984
140,0.388889,0.004599114292387796,0.24402858038907915,359.9667650737731,0.16700109624632908
141,0.391667,0.006643000279598965,0.24136579069085506,359.96701144262,0.1647481448164907
142,0.394444,0.004420226605075683,0.2385815444972117,359.9658747356732,0.1654356408237252
143,0.397222,0.0021966904814370025,0.23579627452339835,359.9647375885587,0.16612324811639922
144,0.4,359.9965967813789,0.24509571482899162,359.9886434545797,0.1533331713135624
145,0.402778,359.9966513170776,0.24603999946330646,359.99259363303975,0.1501070974999461
146,0.405556,359.9967058704385,0.24698435437947275,359.99654378320014,0.1468809784747176
147,0.408333,359.99424498591594,0.2437831668098358,359.9967331965272,0.14653624793284337
148,0.411111,359.98728482552576,0.24431344470712268,0.006687330970617467,0.13997606848276867
149,0.413889,359.98032448395344,0.2448435909230433,0.016641598873171404,0.1334157217672871
150,0.416667,359.97372826450584,0.22576723137559185,0.0010320144450091107,0.13668397751998107
151,0.419444,359.98187545666747,0.2391289727205752,0.012199493031936015,0.13476551503657141
152,0.422222,359.9900249056483,0.2524983131137599,0.02337439071640901,0.1328463698328708
153,0.425,359.9820184572194,0.248943929826563,0.03201553974333393,0.12592939537939607
154,0.427778,359.98138176385726,0.2502523633447744,0.026265282531937828,0.1295464439253866
155,0.430556,359.98074541286854,0.25156045484877154,0.020514849032029048,0.13316332613889692
156,0.433333,359.9956039744003,0.26547078651593736,0.03560232266064034,0.12611504251499284
157,0.436111,359.9929198512149,0.25493644190319564,0.027187856809756994,0.12725033766407456
158,0.438889,359.99023572721245,0.24440170591226007,0.018772978987154687,0.12838554399485602
159,0.441667,359.9913807945495,0.24273643327237515,0.014244504392575408,0.12947336343608384
160,0.444444,359.9881487158349,0.24269875665351925,0.014874961839549172,0.12807480911733826
161,0.447222,359.98491522352697,0.24266109967630278,0.015505818248335856,0.12667551515333741
162,0.45,359.97673625839496,0.23823956515087907,0.012912254441474147,0.12721354224457926
163,0.452778,359.97460795123067,0.23623234440156793,0.01736206329949752,0.12215433948590082
164,0.455556,359.97247978306655,0.2342252319962146,0.021811487202729296,0.11709529629322013
165,0.458333,359.9697241775956,0.24353799352173944,0.03208220851752941,0.11534259753630671
166,0.461111,359.9646466494039,0.23955588781335813,0.043551122830830735,0.10162501817454839
167,0.463889,359.9595688793423,0.23557409381356997,0.05501335502102478,0.0879144669126184
168,0.466667,359.9583158352072,0.24300043618542233,0.07020836266427466,0.08230596795273115
169,0.469444,359.9570855289348,0.24863169282764908,0.0744681280380739,0.08266567638107958
170,0.472222,359.9558549295484,0.2542655147507418,0.07872992449180316,0.08302539527806907
171,0.475,359.940870584506,0.23600451723662097,0.07021450103098914,0.08284421624700933
172,0.477778,359.94635930338814,0.2389369685788374,0.07495186990748337,0.07999704686620568
173,0.480556,359.9518481186156,0.24186965230948054,0.0796893854357883,0.07714981552456557
174,0.483333,359.94377898665886,0.17458820729090085,359.981205893472,0.11338373968724547
175,0.486111,359.96376462922495,0.17584404599444348,359.985027056476,0.1109506052150735
176,0.488889,359.9837500702082,0.17709985363274328,359.9888483210648,0.10851720480694382
177,0.491667,359.98652370679633,0.23035266902427765,0.06544197952428732,0.08450118826602271
178,0.494444,359.98796164539357,0.23431569051978052,0.07121661769470222,0.08265305804292211
179,0.497222,359.98940013647507,0.23828033990940511,0.07699352593916586,0.08080414994084606
180,0.5,359.94957974692977,0.22616336735150533,0.0608901207873096,0.08651383162241189
181,0.502778,359.9558277603875,0.22313000675931072,0.05028691601492241,0.09234224172599248
182,0.505556,359.96207553495003,0.2200954597489364,0.039682387863017254,0.09817088072000857
183,0.508333,359.96062916156853,0.2152152278199715,0.02120085615911904,0.11186393854067234
184,0.511111,359.9591822217136,0.21033353186067494,0.0027131534362112575,0.1255616178886516
185,0.513889,359.95773523621517,0.2054521293371625,359.9842259366146,0.13925896511801206
186,0.516667,359.9565480604385,0.200870946832584,359.9757262532385,0.14201180478869802
187,0.519444,359.9537538030758,0.21006331513450505,359.98613570539544,0.13990057320872218
188,0.522222,359.9509590608805,0.2192594319166119,359.99654915818417,0.13778856345884094
189,0.525,359.95182952527756,0.22680609201401047,0.005109986930946775,0.13486794497439547
190,0.527778,359.9526999549898,0.23435329412112615,0.01367149511411725,0.13194710305988977
191,0.530556,359.95357035001575,0.241901038221501,0.022233682706243485,0.1290260372153167
192,0.533333,359.95251897222477,0.23659796147994427,0.01829409151430994,0.13105214968963885
193,0.536111,359.94813254270036,0.23465279025897523,0.015886439255250906,0.13307016298360708
194,0.538889,359.94374614309334,0.23270755950548683,0.013478483567649135,0.13508832529722525
195,0.541667,359.9449105132844,0.24589803511487673,0.022584370339497895,0.1351575266217182
196,0.544444,359.9440017467935,0.23743764259399214,0.013661200856340372,0.1385952291443413
197,0.547222,359.9430922480949,0.2289741363548501,0.004734392880180849,0.14203464070487648
198,0.55,359.94636856933596,0.17983447714394352,359.931359299179,0.16493033861930861
199,0.552778,359.94999235542446,0.2545782174251112,0.029492446203811085,0.13650889689243506
200,0.555556,359.9568323388838,0.24355002152186422,0.019269358705084727,0.1384054824892207
201,0.558333,359.95761413085086,0.24965280750715557,0.02584455994844248,0.1379098616299892
202,0.561111,359.958396192217,0.2557574667258873,0.03242184602942544,0.13741388977850022
203,0.563889,359.9556797300103,0.23855065748860582,0.003963771712328423,0.14887422671978356
204,0.566667,359.9529631740899,0.22135053534300475,359.97550653970404,0.16034023991941737
205,0.569444,359.9502475023885,0.2041632872411938,359.9470603888592,0.1718077799314095
206,0.572222,359.94726729185464,0.20902982957397143,359.9565104273195,0.16846358004474915
207,0.575,359.95725236284574,0.20970815793034703,359.94668436834843,0.1749886966336085
208,0.577778,359.96724023207105,0.21038643601108298,359.9368575045202,0.18151459187644292
209,0.580556,359.9653297826727,0.2105556979768064,359.92762213385504,0.18773847835702107
210,0.583333,359.9653785607627,0.2112929338318814,359.9199815282966,0.19330073975280193
211,0.586111,359.9654269403814,0.21202994295754607,359.9123376601343,0.1988652018467274
212,0.588889,359.9722382619545,0.21646267671496133,359.9118615521607,0.19873199906293237
213,0.591667,359.9733428497463,0.2215762048539478,359.9099235367137,0.20180349203559622
214,0.594444,359.97444708678205,0.22668790351261947,359.90798645886815,0.2048736325303988
215,0.597222,359.96990590414083,0.223327272879267,359.8989343575502,0.2111864457129098
216,0.6,359.9740862254014,0.231065024630686,359.90694700432323,0.20853367209576845
217,0.602778,359.9782662946107,0.23880274351962782,359.9149600234474,0.20588051101788452
218,0.605556,359.983474357654,0.26586848611656855,359.9311946793397,0.20845029279861116
219,0.608333,359.9794215511179,0.266483697157911,359.93273794244016,0.2089950244241887
220,0.611111,359.975367360405,0.2670990209615347,359.9342815726495,0.20953992040760916
221,0.613889,359.96274917174895,0.261730089045594,359.9355012242533,0.2081114430222346
222,0.616667,359.9501315092406,0.25635948404230824,359.93672096056775,0.2066827194206926
223,0.619444,359.93751891312763,0.2509891393945711,359.9379403424819,0.20525424048470242
224,0.622222,359.94093183073244,0.24885982461831802,359.92992650953636,0.2096361203970556
225,0.625,359.94412307361904,0.24738164121714235,359.9232312046912,0.21414883004216811
226,0.627778,359.9473143068048,0.24590367297150095,359.91653522122476,0.2186622846330124
227,0.630556,359.9396557399484,0.24336322530986543,359.9079940377524,0.22580803117559967
228,0.633333,359.9395207560604,0.23926899903449872,359.8991245361281,0.22938534253792398
229,0.636111,359.93938559952926,0.23517360405224252,359.8902514205633,0.23296460049175494
230,0.638889,359.9396412856848,0.24480804923004484,359.8923347513798,0.23635674609869817
231,0.641667,359.93989728048876,0.2544426541100062,359.8944178829246,0.23974907771723686
232,0.644444,359.9401534915805,0.26407395028668823,359.8965000653122,0.2431403500432996
233,0.647222,359.93560296899705,0.25096663500298,359.8838276518101,0.2441539876663743
234,0.65,359.9318125019104,0.2639390441518703,359.89398470865126,0.24414771707327887
235,0.652778,359.92802206802935,0.27691117563927214,359.9041415897302,0.2441412821619
236,0.655556,359.92607654433266,0.2746518276051688,359.8977895365481,0.24598515409136645
237,0.658333,359.91324725990876,0.28344526498557876,359.9003574603772,0.24797249074442007
238,0.661111,359.90041740447276,0.2922417797886059,359.9029264749831,0.24996049797823972
239,0.663889,359.9150238378246,0.30641014071869677,359.909172476621,0.24967011509656878
240,0.666667,359.9220035397407,0.31235766021375966,359.90897667298873,0.24936033240182454
241,0.669444,359.9289805837906,0.3183029668580257,359.90878099825585,0.24905042971260727
242,0.672222,359.9339082500278,0.325993420093706,359.9153959934653,0.24905988113356692
243,0.675,359.94196093417185,0.3237585724515082,359.89924183126305,0.2651515181133597
244,0.677778,359.9500160441959,0.3215236425631769,359.8830897578264,0.2812409068616386
245,0.680556,359.9579149549154,0.32695814114370236,359.88020978329376,0.28599184684256684
246,0.683333,359.965811376707,0.3323908012583665,359.8773302303649,0.2907415361953589
247,0.686111,359.97371099653844,0.3378255354920867,359.8744490251109,0.29549344380875553
248,0.688889,359.9740028779697,0.3359305884382948,359.8735724902602,0.2955182801848171
249,0.691667,359.97429488544003,0.3340356653727117,359.87269593485087,0.2955429459915635
250,0.694444,359.9745869137745,0.33214144839996607,359.87181967442723,0.29556740714649266
251,0.697222,359.97346122806954,0.33184025094060665,359.8690585422369,0.29744941286479865
252,0.7,359.9723355555294,0.33153894456243727,359.8662972514587,0.2993312902612839
253,0.702778,359.97120989615655,0.33123752924637273,359.86353580207566,0.3012130386740992
254,0.705556,359.9593233148048,0.3314995750461627,359.871133308051,0.2966969593194033
255,0.708333,359.9632965900233,0.33091795379315414,359.8570661423681,0.30413945405570963
256,0.711111,359.96628972414373,0.32825799707287473,359.85726662451987,0.30073000217825907
257,0.713889,359.95777300413135,0.33410309288968065,359.8609099242129,0.3024403962834974
258,0.716667,359.94925708067854,0.33994829155071926,359.86455319237564,0.3041507261541838
259,0.719444,359.68953553884927,359.61642446749283,359.4010011722402,0.30034235601245207
260,0.722222,359.81882480215967,359.9774667259936,359.6324275143268,0.3007861053142147
261,0.725,359.9473774113063,0.33971680170681395,359.8657982221895,0.3012297042702503
262,0.727778,359.94391046277156,0.34789954923008537,359.869804287882,0.30223571239880975
263,0.730556,359.9460669469632,0.3502759846211916,359.8737181693223,0.2984861180938019
264,0.733333,359.9482226381063,0.352651510063442,359.87763098551585,0.29473727430475627
265,0.736111,359.94572846803885,0.35357218532732837,359.874333823348,0.2982811288759599
266,0.738889,359.9485894417157,0.3522064047274416,359.87130499158434,0.29854573799899775
267,0.741667,359.95145041571345,0.3508408058051309,359.86827632607685,0.2988102100402674
268,0.744444,359.95956659587944,0.3487918459984449,359.8602769439187,0.30227059142413815
269,0.747222,359.9676859132052,0.3467421416176073,359.85227428110477,0.3057325725739197
270,0.75,359.9758054450062,0.3446924305445229,359.84427121810756,0.30919488103014103
271,0.752778,359.99163568784763,0.35574730992577486,359.8519513690395,0.30611353631483773
272,0.755556,359.99647817140743,0.3575134751921354,359.85104475330695,0.30787565040776954
273,0.758333,0.0013189998200164865,0.3592791141498477,359.8501386854598,0.3096368387691495
274,0.761111,0.00013322996870002157,0.3502052256817567,359.8417363429018,0.31096825203715994
275,0.763889,0.006104556338332401,0.37021446655126944,359.87119787007845,0.29899520053539597
276,0.766667,0.012075747737528175,0.39022110580565794,359.9006567799827,0.2870220345134573
277,0.769444,0.005726922275428592,0.3869161426746395,359.8914410103821,0.29312178922263143
278,0.772222,359.9908690523853,0.38500528999575856,359.89300236009313,0.292572409799579
279,0.775,359.97601606682116,0.38309280560701353,359.89456372639626,0.29202281571668287
280,0.777778,0.08210161779863867,0.4256417975274953,359.88697166540527,0.2910891532006694
281,0.780556,0.02060957245912043,0.40361864837459827,359.89736028723354,0.28432634061648976
282,0.783333,359.95913681726034,0.38160246210847504,359.9077455774202,0.27756537449949725
283,0.786111,0.07368393089235603,0.4454828317714501,359.9084954157647,0.2795385142604836
284,0.788889,0.07097711484655811,0.4496473171031088,359.91430689105914,0.2764757206987145
285,0.791667,0.06827034650493502,0.45381128384076774,359.92011831718247,0.27341231643769426
286,0.794444,0.06885215945286483,0.4341757123702461,359.8749100665662,0.29503524510855605
287,0.797222,0.07042648886996616,0.43517571434650115,359.88128843942286,0.28996840330630747
288,0.8,0.0720009557781367,0.4361757070697543,359.8876668006052,0.2849013266897611
289,0.802778,359.2981034133888,358.44707566550983,358.67640567157184,0.28295262705206703
290,0.805556,359.25504469641334,358.4385504592326,358.689828194526,0.27969591949116435
291,0.808333,359.211997737774,358.43002805006194,358.70324568399076,0.27644040429718686
292,0.811111,359.2034137213812,358.44418885766174,358.74702243550644,0.2537980966742399
293,0.813889,359.2738366186175,358.47971421762736,358.7492885723764,0.2529695521505211
294,0.816667,359.3442563742144,358.5152350680159,358.75155468618874,0.25214080155560303
295,0.819444,359.35236034527253,358.5227725912242,358.75568196083367,0.2510526582016137
296,0.822222,359.36046729194555,358.53031281483953,358.75981082827326,0.24996396621988026
297,0.825,359.3685742959408,358.53785302453787,358.7639398022841,0.24887508877681164
298,0.827778,0.1254214949363739,0.45073619544922217,359.932096203738,0.2448108703593963
299,0.830556,0.12585315242240291,0.4537934953860745,359.93773075749993,0.24217069113867318
300,0.833333,0.1262846346430866,0.4568500356177232,359.9433633255833,0.23953151071337153
301,0.836111,0.12471577395143996,0.45830771563432116,359.9424041245337,0.2383163114191511
302,0.838889,0.12434757394707852,0.4615597962629696,359.94906995394757,0.23350224363381322
303,0.841667,0.12397940482450132,0.4648118603817135,359.9557351423363,0.2286885881540126
304,0.844444,0.11783918060196541,0.4662952093401138,359.961451167845,0.22412212148447352
305,0.847222,0.11169761732349492,0.4677791889729104,359.967168787334,0.21955434345270142
306,0.85,0.1055569262405136,0.46926326515060524,359.9728859424197,0.2149868690475838
307,0.852778,0.09474936167874226,0.47026152019961387,359.9848771242525,0.20620912653867407
308,0.855556,0.08753402937090016,0.4701862964863519,359.98657802640065,0.20545556821166855
309,0.858333,0.08032203855769637,0.4701110088934417,359.98827830902223,0.2047020063699545
310,0.861111,0.08185152931891793,0.46592219502441345,359.9800174391973,0.20713585729328088
311,0.863889,0.08338102936576242,0.46173236142289475,359.97175594040624,0.20956907454675466
312,0.866667,0.08491053869596143,0.45754150792613757,359.963493812403,0.2120016573277148
313,0.869444,0.07768607898407609,0.45509514949935514,359.9782083891318,0.19825644728903669
314,0.872222,359.30880099572494,358.476142135648,358.76870547725775,0.19921203973841983
315,0.875,359.2927421455139,358.47390727647905,358.77260963102077,0.19487195373856636
316,0.877778,359.30691606358675,358.48002943496954,358.77313169287044,0.19584236832597135
317,0.880556,359.3210907979584,358.48615151999786,358.77365372533615,0.1968125511289731
318,0.883333,359.3192523951114,358.4804110329561,358.77584995031833,0.19051412349000785
319,0.886111,359.3209391262039,358.4917258192498,358.796790027914,0.18182983900642746
320,0.888889,359.3226261768788,358.50303779093696,358.8177279423744,0.1731446434494348
321,0.891667,359.33116606705846,358.5121055958877,358.8212446170262,0.1728419015294076
322,0.894444,359.7106176644685,359.47939263395955,359.40578397103525,0.17611599596370198
323,0.897222,0.09068529248335722,0.4446070953755079,359.98763323804405,0.17939135230084347
324,0.9,0.08886670186631562,0.44640298062727446,359.99108672992367,0.1757320937061575
325,0.902778,0.08704878121990944,0.44819898652270496,359.99453967228186,0.17207312709772538
326,0.905556,0.08523153046805199,0.4499951130692015,359.99799206521124,0.16841445142646805
327,0.908333,0.07466174588037333,0.4487132956800295,359.99513357199913,0.1715640454859777
328,0.911111,0.06033445310322172,0.43010607193877703,359.968599754848,0.17876249404398514
329,0.913889,0.04600993290173072,0.4114963749013629,359.9420636382862,0.18596047321633336
330,0.916667,0.04619591739367479,0.4237059660411564,359.9498741815337,0.18457726703982757
331,0.919444,0.04679602803574312,0.4279839475564202,359.9539519422458,0.1823174421936109
332,0.922222,0.04739652882873102,0.4322636858312183,359.9580311217385,0.18005686454205083
333,0.925,0.055669322856758185,0.4404777079054707,359.9718522439644,0.16964547939543806
334,0.927778,0.059601228659188266,0.44998657903951944,359.9798743797253,0.16628586150957148
335,0.930556,0.06353376685454393,0.4594959742706628,359.9878961081799,0.16292639828706257
336,0.933333,0.06162064855583971,0.46518980552664324,359.9959821493198,0.16113776828563253
337,0.936111,0.06807233702281223,0.4638540253491179,359.9917900636661,0.16113985499153216
338,0.938889,0.07452409987134168,0.462518232145932,359.987598006826,0.16114167301906157
339,0.941667,359.30409383064074,358.4748318405523,358.7774941382622,0.15798051829703397
340,0.944444,359.3076710817694,358.48177429537236,358.7816850852769,0.1563075760142283
341,0.947222,359.31124973500766,358.48871951151176,358.78587731234325,0.15463412811945787
342,0.95,359.31807010921005,358.4861939426144,358.8109241153385,0.12297802700179616
343,0.952778,359.3192694877146,358.49237980529546,358.8133111457542,0.12452521043227094
344,0.955556,359.3204689736157,358.4985661535938,358.8156987465231,0.12607197106891377
345,0.958333,359.32144083494825,358.50392545301855,358.81480344184877,0.12873104751948894
346,0.961111,359.3224129777028,358.50928658802957,358.81390798267404,0.13139056264316373
347,0.963889,359.3233850518774,358.51464762870404,358.8130126914041,0.13404952567203843
348,0.966667,359.57164059518817,359.15389028013647,359.1978628073664,0.13616333358618782
349,0.969444,359.8200367557116,359.791949787026,359.58139205488806,0.13827579926799416
350,0.972222,0.06874293437837942,0.4292467725057936,359.9638472383109,0.1403885082533396
351,0.975,0.059736899939595745,0.42755704457850996,359.9587034707484,0.14389356974822043
352,0.977778,0.06710576269898283,0.43656626530321674,359.96362978900163,0.14247255409536663
353,0.980556,0.07447491199409306,0.4455756855998132,359.9685560708445,0.14105149307212628
354,0.983333,0.0751913633032899,0.4510130006602484,359.9783817324876,0.13336809150058748
355,0.986111,0.07590809489840034,0.45645233616049197,359.98820373380426,0.12568905306064337
356,0.988889,0.07662484877295839,0.46189173412921036,359.99801854575077,0.11801710126041165
357,0.991667,0.0740496041171923,0.46483338302014765,359.99880079134266,0.11791963024469787
358,0.994444,0.07147544610902479,0.46777399125583585,359.99958274500386,0.11782188594376741
359,0.997222,0.06890052088930432,0.4707156766614524,0.00036496989881484865,0.11772386377129962
360,1.0,0.06585379203771069,0.4747622756111518,0.005111050713423992,0.1162509942361627
361,1.002778,0.06280683269188536,0.47880897744853,0.009857027011278774,0.11477806114435829
362,1.005556,0.059759642863314255,0.48285578215593006,0.01460289882238186,0.11330506334241086
363,1.008333,0.06171329447799678,0.47400717008592785,359.99571333055366,0.12221164716048882
364,1.011111,359.6803385569151,359.5024922883776,359.40569767524295,0.12081952227486781
365,1.013889,359.2994267342229,358.52860606410496,358.81284747268865,0.11942729662179374
366,1.016667,359.2958661757058,358.53014301823714,358.802343650134,0.12948319702644362
367,1.019444,359.2914523830062,358.5270057423148,358.79364359105193,0.13686300889044745
368,1.022222,359.2952509693429,358.5348929819711,358.7934698896201,0.1386594578715119
369,1.025,359.61088665090307,359.4679566607168,359.3638021401045,0.152883525875664
370,1.027778,359.9271661147824,0.3987982110906607,359.93127734606514,0.16710894672040233
371,1.030556,359.9170320642951,0.4043401542327434,359.93100399158465,0.17289159275330412
372,1.033333,359.92676259112153,0.40363884048836063,359.92743385738,0.173956276503473
373,1.036111,359.9364965179304,0.402937004042057,359.9238622403574,0.17502089658254505
374,1.038889,359.93510709319554,0.40262901227142756,359.9195966063924,0.1783646185319654
375,1.041667,359.93280958848663,0.4049446582392484,359.91722607274033,0.18032172154484982
376,1.044444,359.93051283871176,0.40725932104082396,359.9148564116222,0.18227776576441634
377,1.047222,359.928097863817,0.40778096508156025,359.9081793542389,0.18690485748938102
378,1.05,359.92568301387286,0.4083027827288177,359.9015024518324,0.19153170055397162
379,1.052778,359.92326828893465,0.40882477394888994,359.8948257044412,0.19615829372403581
380,1.055556,359.92680109395224,0.41698624575411536,359.9007760189906,0.19370599547941936
381,1.058333,359.9303317187394,0.42514385926173226,359.90672384462056,0.19125449873160782
382,1.061111,359.93386270621767,0.4333034897414141,359.9126734649735,0.18880210830284838
383,1.063889,359.94481543343375,0.44699624996943044,359.9195670256482,0.18889229224480708
384,1.066667,359.55707574558244,359.4688085762325,359.3240529307437,0.1887926114105074
385,1.069444,359.1699205745365,358.4886774073465,358.7260123560779,0.18869262515052654
386,1.072222,359.17472780935765,358.49475594453367,358.72576428180486,0.1908051213867914
387,1.075,359.1795350016457,358.500834533689,358.725516440978,0.19291719970370735
388,1.077778,359.1843421513611,358.5069131747779,358.7252688336019,0.1950288588582314
389,1.080556,359.1779180522296,358.5167513420299,358.7312129239678,0.19759183666931435
390,1.083333,359.1842839226227,358.524261697822,358.73117832053754,0.20053277488270282
391,1.086111,359.19065228145803,358.53177523320244,358.7311441750898,0.20347423438413514
392,1.088889,359.1857227526505,358.53103037068587,358.73153765199424,0.20251698521525618
393,1.091667,359.1811986676784,358.5233417471299,358.71398920605793,0.21307840247686372
394,1.094444,359.17667643663833,358.5156553403085,358.696446479605,0.22363576272636188
395,1.097222,359.91949826927976,0.4541024868493171,359.8880464109667,0.21785255594760322
396,1.1,359.91668228256475,0.45425994668242176,359.8798753580819,0.22343062950858616
397,1.102778,359.913867411973,0.45441779691901907,359.8717044147732,0.2290084006783033
398,1.105556,359.892376863649,0.4520636407531402,359.8706130700932,0.2342316696740845
399,1.108333,359.8978540676822,0.4621103006457812,359.87421403799766,0.23446829106371858
400,1.111111,359.90333348049165,0.4721610811000456,359.8778166350102,0.2347046809555664
401,1.113889,359.8934015186567,0.47156454095940425,359.8702301836455,0.24092195435686392
402,1.116667,359.8873396882387,0.47037079823931904,359.86849382869747,0.24238198063298988
403,1.119444,359.881279956384,0.46917758507028395,359.86675799194035,0.24384121290934857
404,1.122222,359.883801408718,0.4783782932237095,359.8681030585236,0.24615008736679833
405,1.125,359.88525077398447,0.48376892193461885,359.8675318702088,0.2491364516117187
406,1.127778,359.88669993158226,0.4891595839038452,359.8669610640849,0.2521223597299116
407,1.130556,359.89363452415756,0.49675803685636666,359.8721197515456,0.25161823087544377
408,1.133333,359.9005666508003,0.5043543466241545,359.87727730509135,0.2511139608309936
409,1.136111,359.9075013040169,0.5119539842070164,359.8824374393315,0.25060926284933593
410,1.138889,359.651738369261,359.85621985476195,359.48136970385906,0.2523058585151361
411,1.141667,359.3961716652059,359.1994435632587,359.07906353411437,0.2540022177788117
412,1.144444,359.14090309291083,358.5419056279976,358.6756979421004,0.25569768928122016
413,1.147222,359.1356550369576,358.5214450407709,358.662316678031,0.2566666332613359
414,1.15,359.13040785972584,358.50098366351057,358.64893384176963,0.2576352997114171
415,1.152778,359.12516156145,358.4805214973105,358.63554943416943,0.25860368719914995
416,1.155556,359.130416769368,358.4886733674814,358.6490401640671,0.2515071637913717
417,1.158333,359.5249566941791,359.5049276845789,359.2600644017713,0.25983984694777007
418,1.161111,359.92015041053287,0.5189846218068084,359.8682336872331,0.2681751704507249
419,1.163889,359.9183024840378,0.5193091093072368,359.87032498096886,0.2667822266118822
420,1.166667,359.9164545850936,0.5196335644613495,359.8724162252219,0.2653889435855685
421,1.169444,359.91460737887655,0.5199578704937142,359.8745066672318,0.2639957810185454
422,1.172222,359.9115381649572,0.5206528718783954,359.87597130499705,0.2628340917144829
423,1.175,359.9084692226588,0.5213479069597042,359.8774358991523,0.2616721399368913
424,1.177778,359.90540055196846,0.5220429757483931,359.8789004497186,0.26050992415969887
425,1.180556,359.91312605935684,0.528219184654052,359.8755519602154,0.26573655142278874
426,1.183333,359.90339149990706,0.525803356039491,359.8776917467443,0.26524379673436904
427,1.186111,359.90958840993574,0.5260848225231118,359.8735984371228,0.26441977547890794
428,1.188889,359.9014648036415,0.5173889746791254,359.868523503335,0.26592532475742026
429,1.191667,359.89334120188386,0.5086929730555241,359.86344844145896,0.26743038231944993
430,1.194444,359.9010760146733,0.5199341244852178,359.8653692625082,0.27273807247488335
431,1.197222,359.8986967664681,0.5125062955234903,359.8605007135506,0.2727348710996722
432,1.2,359.89631727242084,0.5050785638921376,359.8556324841556,0.2727313111753933
433,1.202778,359.9041112040679,0.507389523190259,359.8584633172951,0.27282139718704634
434,1.205556,359.91190639873986,0.5097005950229132,359.86129428986794,0.27291110391764306
435,1.208333,359.9197000496198,0.5120109474011709,359.8641243827202,0.2730003552829512
436,1.211111,0.08694491720834208,0.583239400625768,359.85382628870116,0.2769985408812694
437,1.213889,0.009452711479696063,0.5421024027542032,359.8530266720323,0.2782954187064277
438,1.216667,359.93194498731935,0.500950000675882,359.8522268646603,0.279592027406693
439,1.219444,359.9932677777786,0.5223693940484999,359.83626401182045,0.2918716146386249
440,1.222222,0.054624539241006076,0.5437903680006482,359.8202964524905,0.3041541400642114
441,1.225,0.11599316803314785,0.5652052009699862,359.8043299361119,0.3164351361209725
442,1.227778,359.1787313637119,358.4798114014392,358.57600371179876,0.3194105287934157
443,1.230556,359.17965831127873,358.47370842423186,358.57058850797944,0.32065986919197087
444,1.233333,359.1805852813533,358.46760732736004,358.56517478473296,0.3219083240484899
445,1.236111,359.4962512166423,359.1749833560013,358.98060052456987,0.3234638975185362
446,1.238889,359.812099121554,359.88117459749213,359.39466109451035,0.3250191804422755
447,1.241667,0.1281142124269774,0.5861294108506119,359.80731962741964,0.3265741711320054
448,1.244444,0.12270371226223453,0.5791701641170661,359.8163170126148,0.316560034283631
449,1.247222,0.1303428787292109,0.582425796071151,359.81034317320206,0.32195279284453093
450,1.25,0.1379817192583257,0.5856807919146547,359.80436870284876,0.32734577011385824
451,1.252778,0.13309797869224127,0.5817994577283923,359.8040691115454,0.32830026718322003
452,1.255556,0.12821382771103806,0.5779176840782583,359.80376944669666,0.32925442764924284
453,1.258333,0.12333102469035495,0.5740368685306159,359.8034698162082,0.3302078615275885
454,1.261111,0.1235863792668983,0.5670945929081324,359.79379930394646,0.3336815896407792
455,1.263889,0.12312614671834687,0.563237745278597,359.7877256766228,0.33788286769717324
456,1.266667,0.12266588189265981,0.5593807954175674,359.7816517173852,0.3420840928327582
457,1.269444,0.12083223820091682,0.5570803023593829,359.7825765363775,0.3434520163026793
458,1.272222,0.12416813635576318,0.5489040857880862,359.77282396976443,0.3469615379079496
459,1.275,0.12750444954657247,0.5407281847085983,359.76307137863597,0.35047103350991016
460,1.277778,0.10596776395483509,0.5222263957708808,359.7538656380153,0.35390193681095106
461,1.280556,0.08442865956201828,0.5037196328994646,359.7446595995731,0.35733283219954615
462,1.283333,0.06289488858256576,0.48521455906731603,359.7354565774426,0.3607624365638298
463,1.286111,0.07033339060014931,0.49437970744694937,359.74298106501027,0.35864173075086647
464,1.288889,0.07518905194956105,0.5009821256519018,359.7443145717326,0.3616788988631541
465,1.291667,0.08004472033059429,0.5075846210155337,359.74564843347906,0.36471559003179976
466,1.294444,0.07114619779629194,0.4997789473445149,359.7240740730643,0.38246749791133006
467,1.297222,0.07705871299122613,0.5228046351917595,359.76501382722574,0.3598792320139186
468,1.3,0.08296937930275838,0.5458171625798105,359.8059577013577,0.3372750516547569
469,1.302778,0.06064629180581704,0.5023399735531946,359.77609358192177,0.3424745446654942
470,1.305556,0.03832602799897877,0.4588609247790547,359.7462235791627,0.34767466519797985
471,1.308333,0.016016624459368245,0.415395679478042,359.71635845595443,0.3528734916522982
472,1.311111,0.06994165025943211,0.5672954739758218,359.80761616204273,0.35447224450837034
473,1.313889,0.05939155261361506,0.5663677001252463,359.81049146426153,0.35486416856635117
474,1.316667,0.048842013936356565,0.565439984207968,359.8133666241442,0.35525572789439686
475,1.319444,0.05734822000707496,0.5635411447315093,359.81362279346115,0.3512031730722267
476,1.322222,0.05987442853324154,0.5669992218189144,359.8086206641978,0.35632288423120073
477,1.325,0.06240044319606497,0.570457070912914,359.8036173388146,0.361443313013309
478,1.327778,0.05842270849380249,0.5618876331816551,359.7864474684575,0.3725967813507225
479,1.330556,0.0571916070061107,0.5695638425351852,359.7966846887403,0.37111813001857463
480,1.333333,0.055961008584082705,0.5772387717131231,359.8069195618775,0.369639595570165
481,1.336111,0.04624123682575387,0.5673372515640942,359.78137379045546,0.3924294640503323
482,1.338889,0.02674931390354729,0.5183442871888442,359.7709656398891,0.3810206650255381
483,1.341667,0.00726078241362238,0.469350905573922,359.76055518685166,0.36961012545148186
484,1.344444,0.018110967050450455,0.46934846125759755,359.74521663004737,0.3815767559113432
485,1.347222,0.01954477241086927,0.47687333030170365,359.7458149079111,0.38976736498496045
486,1.35,0.028410475520955103,0.4714164810008423,359.73628904820714,0.39291118491061994
487,1.352778,0.029338432098228395,0.47743232495494503,359.7405043172499,0.39429835223266174
488,1.355556,0.030266395760909504,0.4834487436311239,359.7447202450198,0.39568498736932334
489,1.358333,0.03216142781209719,0.48792195707654606,359.74234961379074,0.4007930704171212
490,1.361111,0.03209871312331991,0.4945202200597283,359.7500261515754,0.39793945158795907
491,1.363889,0.03203593051143372,0.501117623442985,359.75770248312307,0.39508480578903793
492,1.366667,0.03170253470089612,0.5099325043733689,359.76153755868745,0.39712100518210214
493,1.369444,0.03136864346166668,0.5187438360324439,359.7653710708137,0.39915615545585936
494,1.372222,0.031034016396343844,0.5275579642982393,359.76920578024726,0.4011918227149014
495,1.375,0.029307054399341226,0.5373805025197704,359.7787400396012,0.3996435923025565
496,1.377778,0.026928544609138072,0.5363259543499179,359.7749850978827,0.4033060529611241
497,1.380556,0.024550055856821018,0.5352714621116057,359.77122969198524,0.40696849243312805
498,1.383333,0.04203833181586347,0.589471667766091,359.80639392815664,0.406864794123468
499,1.386111,0.05953395686674767,0.643681496442337,359.8415600295434,0.40676062856962325
500,1.388889,0.07703062951570061,0.6978814030977247,359.8767153099268,0.4066559787185753
501,1.391667,0.021082143707982226,0.5500093540541648,359.77245758154965,0.41686868945307864
502,1.394444,0.020589744642849794,0.5540296182207083,359.78196072371384,0.4128746783713346
503,1.397222,0.020097010148623085,0.5580504884834667,359.791467313655,0.40887797929614855
504,1.4,0.020966302911173074,0.5631321650954657,359.78530402915266,0.41946893774080074
505,1.402778,0.010888561301570121,0.5623479045015056,359.78692256041626,0.42220547301615596
506,1.405556,0.0008108229237606679,0.5615628799887684,359.7885401399774,0.4249421351175826
507,1.408333,0.02447955947859448,0.5688893686675005,359.7844626537216,0.42949278769221344
508,1.411111,0.021883419905824653,0.5677928578729716,359.77480024674674,0.4395469451206626
509,1.413889,0.01928724023549222,0.5666963158081373,359.76513679737513,0.4496016744972984
510,1.416667,0.013595581605448714,0.5688541782015015,359.7667126485586,0.4530560857873418
511,1.419444,0.02012009466079867,0.5632835687130626,359.73808792321887,0.4725647466682741
512,1.422222,0.026646732201358603,0.557712004542056,359.7094479733026,0.4920860141280041
513,1.425,0.018417501635367373,0.5711033378978296,359.70824507619886,0.5096700518237647
514,1.427778,0.012176975608360507,0.5838789532997684,359.72036650820934,0.5081957583750878
515,1.430556,0.005941600838397676,0.5966529220570145,359.73248581311975,0.5067206658293788
516,1.433333,0.0031504516601348342,0.6036640789180012,359.7357544938025,0.507274315482432
517,1.436111,0.0003587649972409679,0.6106772138334371,359.73902406609136,0.5078274321901883
518,1.438889,359.9975675460751,0.6176898020363879,359.74229335281365,0.5083797586969574
519,1.441667,359.9543555144741,0.5988696569114147,359.7395963571083,0.5111426674300876
520,1.444444,359.9581338688455,0.608235779165895,359.7156776741037,0.5384052017266932
521,1.447222,359.9619136907015,0.617604970337096,359.6917299126859,0.5656974002503112
522,1.45,359.958652211252,0.6176897111681363,359.6799012025161,0.5772838523351709
523,1.452778,359.95539076181115,0.6177744538417063,359.6680701945496,0.5888720833850059
524,1.455556,359.95212934240334,0.6178591983558714,359.656236889088,0.6004620905873903
525,1.458333,359.9568748893817,0.6281470127561999,359.65073612786006,0.6127664329341371
526,1.461111,359.9616221501212,0.6384381153817209,359.6452314033378,0.6250762706389565
527,1.463889,359.9663694157238,0.6487288013220756,359.63972469672484,0.6373871125477422
528,1.466667,359.98012093894994,0.6494299387629319,359.6185101460124,0.6538912615043984
529,1.469444,359.99492639531667,0.6820538764400634,359.6317136493731,0.6619700079935633
530,1.472222,0.009736449817872028,0.7146866897154496,359.64491820698515,0.6700526652130527
531,1.475,0.013011727204178314,0.7133082982407437,359.62205707613714,0.6915694509667851
532,1.477778,0.01628778671263653,0.7119299738148381,359.59919235457676,0.7130893579830495
533,1.480556,0.01956462857978103,0.7105517164335318,359.57632404757874,0.7346123784571894
534,1.483333,0.023975944347611744,0.7284353434251116,359.5810303933427,0.7425860837403953
535,1.486111,0.027376229701156163,0.734862231740701,359.5496395634951,0.7758515396738588
536,1.488889,0.030776382615158582,0.7412887856905126,359.5182483069677,0.8091168429669242
537,1.491667,0.028380311517532064,0.7501454547071411,359.5054288763994,0.8264489306587972
538,1.494444,0.025984883208016285,0.7589976423988585,359.4926088638361,0.8437785641689306
539,1.497222,0.023588372694577586,0.7678517243127789,359.47977903802905,0.8611183397753983
540,1.5,0.0448661804674213,0.7668120868039736,359.4632731759737,0.8758474356213952
541,1.502778,0.0463842179766516,0.7777845955955058,359.45708633793913,0.8869707547119301
542,1.505556,0.036799995788495465,0.7841314066410234,359.4491814159304,0.8982116898007604
543,1.508333,0.022322959598024994,0.7957909214101537,359.4454647891918,0.9097975825932814
544,1.511111,0.007840295150405296,0.8074540020343974,359.4417454262756,0.9213881850640835
545,1.513889,0.011659788266721094,0.8202531316451669,359.43631835835583,0.9329078274744287
546,1.516667,0.015479780525344822,0.8330517988509598,359.43088886837023,0.9444287235748909
547,1.519444,0.01929889633308335,0.845845396512729,359.4254589125517,0.9559466602211479
548,1.522222,0.015625703948103364,0.8488976972121041,359.414200792604,0.9686350295260269
549,1.525,0.014492643438233088,0.8530456196637299,359.404823779943,0.980364549863836
550,1.527778,0.013359887541870563,0.8571932294337632,359.395443285921,0.9920965903858523
551,1.530556,0.018406000429740388,0.8627025036578502,359.3782968472167,1.009555258927053
552,1.533333,0.02505642838319133,0.8676667165132876,359.3600372730091,1.0299177172694698
553,1.536111,0.03170934270127823,0.872632394738325,359.3417672117649,1.05029073570695
554,1.538889,0.03847607780212314,0.8820304348061327,359.3373616278575,1.0598054920122024
555,1.541667,0.04534796640250782,0.8885449836614647,359.3225769079253,1.0771921811671827
556,1.544444,0.05221726644691671,0.8950564889993693,359.30779328022425,1.0945759269579511
557,1.547222,0.05368205806583504,0.9052554536881043,359.29481899116615,1.1141324868264597
558,1.55,0.057883863633778176,0.9148809871754953,359.2902642077485,1.1253726456809137
559,1.552778,0.062085894312552625,0.9245057065387687,359.2857066891844,1.1366143640427957
560,1.555556,0.050791381198894925,0.9267041603289439,359.2734561292638,1.151723119382396
561,1.558333,0.05413223299463077,0.9388872290956929,359.26673696027586,1.1639621020086608
562,1.561111,0.057474414739861146,0.9510734169409254,359.26001249875515,1.1762067213623677
563,1.563889,0.06971092484300812,0.9624748043225217,359.2420645539389,1.2023018016503908
564,1.566667,0.08194471273496617,0.9738757257436017,359.2241152160806,1.228397030535083
565,1.569444,0.0941713769897401,0.9852720771779246,359.2061709578985,1.2544829345079282
566,1.572222,0.08044512965532036,0.9844468998190834,359.1876790689126,1.27386210339648
567,1.575,0.06010905850227566,0.9958387299920481,359.1756853927262,1.294119014618122
568,1.577778,0.039777996418044026,1.0072302080513182,359.16369011928737,1.314376371386297
569,1.580556,359.9972266798231,0.9915844271058614,359.1099376522358,1.367324320221094
570,1.583333,359.9883899851691,0.9977327098352404,359.0987098437912,1.3850098227071381
571,1.586111,359.9795511400735,1.003883205208922,359.0874782955215,1.402700827993554
572,1.588889,359.9931829735521,1.0147268755202496,359.06009842083154,1.431956035349062
573,1.591667,359.9962182833056,1.0219759554078838,359.01909759384307,1.4776111199576398
574,1.594444,359.99925255580587,1.0292221011710403,358.978116322623,1.5232439375132092
575,1.597222,0.003774246587809671,1.03932039363146,358.9559248668694,1.548874845300615
576,1.6,0.007560672567578308,1.0404196723240258,358.93646257794506,1.5681830708426752
577,1.602778,0.011347256711429665,1.0415188659597998,358.9169992700145,1.5874916471522642
578,1.605556,359.9867001929711,1.0369482712790443,358.89741825522356,1.6107263577106607
579,1.608333,359.990921678784,1.044322591771948,358.8814160654715,1.6306041035396497
580,1.611111,359.99514458571264,1.051699136270697,358.86540757294034,1.650488695007116
581,1.613889,359.9972147107888,1.0611770024451666,358.848552845528,1.6719395292264139
582,1.616667,359.99431847938865,1.0652293838403004,358.8369998385808,1.6886335410856912
583,1.619444,359.9914233120737,1.0692815957502226,358.82545600167094,1.7053169882676666
584,1.622222,0.005919146182318258,1.089831916014667,358.8443289651145,1.6964833340589855
585,1.625,359.997587274025,1.0938360850569797,358.8321360431606,1.7131753882326475
586,1.627778,359.98925598907243,1.097840232327064,358.8199447298526,1.7298651410691797
587,1.630556,359.9420469521216,1.0838781453275494,358.8006731187317,1.7556633659143692
588,1.633333,359.8948489967046,1.0699163675280055,358.78140763936466,1.7814519721103412
589,1.636111,359.84762814604306,1.0559448475048683,358.76213442724094,1.807249661717906
590,1.638889,359.8334115053953,1.0513987914567693,358.79128589976455,1.7800336538193733
591,1.641667,359.83235127124163,1.061560424536701,358.7845878471807,1.7958854772571016
592,1.644444,359.83129169917936,1.0717183569424655,358.7778952948954,1.8117276014147539
593,1.647222,359.8359759430153,1.0923470858381084,358.7726518807976,1.831031266140057
594,1.65,359.83112691302597,1.0954991386235573,358.7264669294162,1.8814351124376891
595,1.652778,359.8262777938538,1.0986511429947257,358.68030232175664,1.93181794275635
596,1.655556,359.82311529015533,1.0990194007453056,358.6597303410256,1.9540724488570724
597,1.658333,359.8215696888722,1.0985782188531772,358.6309798697433,1.9826796625485024
598,1.661111,359.82002347283554,1.098136882047985,358.60222727897525,2.0112883069164393
599,1.663889,359.8257011473791,1.1002385503581742,358.57313996586186,2.0404148976306526
600,1.666667,359.8302017793465,1.0560987811105438,358.47993373367825,2.090568937340631
601,1.669444,359.83172038600355,1.0941357699326204,358.51917600314357,2.0886595496215286
602,1.672222,359.85493951144394,1.0942287672971958,358.48776922591384,2.1164478802970184
603,1.675,359.878160472556,1.0943213523671265,358.45637011584665,2.144227688898793
604,1.677778,359.86727045955286,1.0607856982610517,358.38592448205287,2.185388611848964
605,1.680556,359.8725179651044,1.062329490552612,358.34949604106407,2.2195729985898716
606,1.683333,359.8777635474876,1.0638724880794008,358.3130899370715,2.2537349256847996
607,1.686111,359.8773811144572,1.0617295763521746,358.2838132302236,2.2813630364537136
608,1.688889,359.8769986916687,1.0595864563317061,358.25454520934454,2.3089814843392844
609,1.691667,359.876616279122,1.0574431279695027,358.2252858832121,2.336590256579239
610,1.694444,359.87479750092996,1.0618466808047824,358.2033637046352,2.3626704923839643
611,1.697222,359.8729781440588,1.0662522275154043,358.1814432340919,2.388750241033108
612,1.7,359.8711588634652,1.0706581824583115,358.1595323737341,2.4148200214862925
613,1.702778,359.8635573735864,1.0679994566672697,358.1478698117151,2.430664424943835
614,1.705556,359.8679038287664,1.0730121694938006,358.12057612260895,2.4617788953736834
615,1.708333,359.87224873308844,1.0780230184851867,358.09330215075494,2.4928713545421477
616,1.711111,359.86995891140845,1.078220773483567,358.0648124078425,2.523649574310113
617,1.713889,359.867669022981,1.0784186902187098,358.03633554391746,2.554414373447088
618,1.716667,359.8653790678106,1.0786167687170423,358.0078715693306,2.5851657375731723
619,1.719444,359.85278132329995,1.0700863660473061,357.98517128151894,2.6051769460324223
620,1.722222,359.86036844507737,1.0729955052032647,357.9525673280368,2.6393178441641414
621,1.725,359.8679554453064,1.0759047616388653,357.91998202214654,2.6734394710766836
622,1.727778,359.8983740126481,1.0771463268458117,357.89006999040413,2.706357579908369
623,1.730556,359.9020416740413,1.0788737435794413,357.8293259962018,2.767719385413777
624,1.733333,359.9057080924138,1.0806005386624573,357.7686406514141,2.82902154175604
625,1.736111,359.90930316243566,1.0785305319113707,357.73328443055755,2.8632508693901517
626,1.738889,359.9128984052545,1.0764604654693795,357.69794205004956,2.8974654737660046
627,1.741667,359.9164938208124,1.0743903393264844,357.6626135262676,2.9316653342346797
628,1.744444,359.9174609410216,1.0300052239499298,357.61135742162634,2.939820519131901
629,1.747222,359.9202729748439,1.0359723218254953,357.5710237536084,2.98495306958762
630,1.75,359.9230851611133,1.0419397686532719,357.53070476416696,3.0300706523586634
631,1.752778,359.93080006421604,1.052664701695429,357.5024104968374,3.065138859210535
632,1.755556,359.9385148905276,1.0633903791047494,357.4741321231015,3.100191047475649
633,1.758333,359.94622686291115,1.0741129394095061,357.44587983053464,3.1352145019615065
634,1.761111,359.94459061463095,1.0795863894070212,357.33555128333444,3.25116534292944
635,1.763889,359.949780196884,1.0884066748944008,357.3338240814834,3.2605044800503133
636,1.766667,359.9549694198702,1.097228271819933,357.33210072647125,3.2698401068229987
637,1.769444,359.957006522476,1.1085006323256916,357.29243429417187,3.318801316942885
638,1.772222,359.9599648707486,1.155992093527983,357.277439880948,3.379120908192169
639,1.775,359.9629231189445,1.2034835780213253,357.2624871284447,3.4393983901950413
640,1.777778,359.96038978576917,1.197229804223717,357.2196000791931,3.4812567533914685
641,1.780556,359.95634978353456,1.2089633206466512,357.19771233067763,3.516716496367362
642,1.783333,359.95231127123503,1.2206924599660223,357.17584529153044,3.5521494476429645
643,1.786111,359.9528405709142,1.2195113095014065,357.12735248863345,3.5989728415011886
644,1.788889,359.95043050113264,1.2288792073960941,357.1104319509092,3.6253892012802584
645,1.791667,359.9480203668023,1.2382473884875438,357.0935570229834,3.651759361056003
646,1.794444,359.9406722135759,1.2450470467005967,357.04468312307034,3.7105925940584807
647,1.797222,359.94165470253716,1.2428918253279786,356.990994491098,3.76387816822524
648,1.8,359.9426373534814,1.2407366026505855,356.93732962834514,3.817139167041679
649,1.802778,359.92157106307667,1.2383326466550901,356.89053700539097,3.8708560736494757
650,1.805556,359.90050407909445,1.235926375827459,356.8437699911138,3.92454642170396
651,1.808333,359.879443985837,1.2335186571656571,356.79704548310957,3.9781907265730876
652,1.811111,359.9101297949267,1.2844127932966742,356.76649848552466,4.036674965962826
653,1.813889,359.94080890719476,1.3352906219436633,356.7359625967089,4.095141885970568
654,1.816667,359.97148132643565,1.3861521317918069,356.70543792071925,4.153591365993167
655,1.819444,359.97954054166917,1.3953936150638828,356.6567714174432,4.207497541861985
656,1.822222,359.96669623230525,1.394003905176346,356.5941167528145,4.274266379073209
657,1.825,359.97844156536826,1.4134536319890394,356.55847675145526,4.3223504883414225
658,1.827778,359.96537648653555,1.4279432030227017,356.51031707725065,4.381463188565954
659,1.830556,359.95231760106293,1.4424332310437382,356.46218684030725,4.440545804286261
660,1.833333,359.9662847106915,1.451553673753395,356.29029524454967,4.612908344277768
661,1.836111,359.9641431457821,1.4666666185157258,356.2403778023705,4.675707231697237
662,1.838889,359.96200203799265,1.4817816195438702,356.19048621837186,4.738481373596111
663,1.841667,359.9608573466977,1.49241322655085,356.14482191073347,4.79331132566527
664,1.844444,359.95971272082784,1.5030402242734677,356.09918843020336,4.848105502720001
665,1.847222,359.9585673360085,1.5136702658754722,356.05355300634125,4.902903457403182
666,1.85,359.96980811212643,1.5313131609318678,356.0015191431482,4.9663666843538525
667,1.852778,359.9754369687424,1.5494568012477625,355.947415044988,5.032719695539482
668,1.855556,359.9810652939934,1.5675994527670163,355.89334400571045,5.099038347520144
669,1.858333,359.1950975641467,359.6099939034939,354.64960952414293,5.160235319667484
670,1.861111,359.20028668924624,359.63506526016704,354.5542920475543,5.275051271851867
671,1.863889,359.205475914654,359.6601385181658,354.45904224826074,5.389800733718838
672,1.866667,359.213177895194,359.68192776111283,354.4170155087374,5.445605115424291
673,1.869444,359.1941631222715,359.68903338613103,354.3661473880324,5.509093224233622
674,1.872222,359.17514658964745,359.69614235726107,354.315273988528,5.572590724008238
675,1.875,359.16623917208614,359.70458677372454,354.25640498489383,5.639224991134919
676,1.877778,359.1614252722578,359.71727381570844,354.20543684603706,5.702622561380851
677,1.880556,359.15661117403147,359.7299603937219,354.1544831617324,5.766004309725149
678,1.883333,359.7495611837802,1.5956108864486271,355.25520622033497,5.85000289755394
679,1.886111,359.74504477717096,1.6095837459453524,355.18032578668186,5.937648293169664
680,1.888889,359.7405282431884,1.623555710087281,355.1054551042328,6.025282311296971
681,1.891667,359.72732151316217,1.6090247817927956,355.00820125140507,6.110116896811439
682,1.894444,359.7104142635817,1.614426687927926,354.9605364764296,6.166604103334327
683,1.897222,359.6935004642073,1.6198312138696345,354.9128797796933,6.223086057884563
684,1.9,359.69348304956605,1.6259201498036138,354.8635173319362,6.279265530601178
685,1.902778,359.68707570449214,1.638710199195872,354.79675812154363,6.356613914859009
686,1.905556,359.6806677405704,1.6515000031140712,354.7300077969714,6.43395250202437
687,1.908333,359.7226359810641,1.6788434167436979,354.5455936161016,6.623993470417469
688,1.911111,359.3639592587276,0.7780442936304333,353.9362156353693,6.68716937309634
689,1.913889,359.00568057575043,359.87511327834824,353.3243156305037,6.7503361097535635
690,1.916667,358.993073067143,359.8757214037655,353.2613533671666,6.818265953420257
691,1.919444,358.9955123697611,359.8938466986832,353.20692133307574,6.885980119995326
692,1.922222,358.99795236363514,359.91197694785654,353.152479317255,6.953706846386558
693,1.925,359.0031479876129,359.9128072523714,353.0560486143109,7.05007369449026
694,1.927778,359.37646301174766,0.8365410237656032,353.4859457513413,7.1851304849421975
695,1.930556,359.7501545220327,1.757911466835015,353.91318004561714,7.320111498561884
696,1.933333,359.7521315677771,1.767898435911592,353.8479829877058,7.391430694155263
697,1.936111,359.75410951188326,1.777888013498199,353.7827707188944,7.4627652946010254
698,1.938889,359.75608764243094,1.7878766032298152,353.71756693978426,7.534089282195614
699,1.941667,359.7456584775191,1.8121653145312582,353.68757051615745,7.592040587683433
700,1.944444,359.7486286365407,1.8303725828016333,353.62736501805307,7.663933498776492
701,1.947222,359.7515998153665,1.8485859371004008,353.5671359062444,7.735852853563257
702,1.95,359.77017783834714,1.869225434647209,353.35005315169855,7.959323565358487
703,1.952778,359.7604090410809,1.8885780941983423,353.297294880007,8.029313147504984
704,1.955556,359.7506400957359,1.9079309832405613,353.2445513604095,8.099287254997288
705,1.958333,359.75307820441014,1.9260472607515329,353.16820363642967,8.18400342642
706,1.961111,359.75551748472407,1.9441694699114649,353.09176095660564,8.268816367932741
707,1.963889,359.75795705839573,1.962291086043475,353.01525109692915,8.3536951731872
708,1.966667,359.8059919486909,2.108890805287043,353.03987276680726,8.42002168594088
709,1.969444,359.80718518318037,2.1309460395246784,352.91675324429133,8.556256542084748
710,1.972222,359.8083790391924,2.1530058224615356,352.79373093053005,8.692395325499879
711,1.975,359.811218655529,2.1543868554149714,352.714388568825,8.770897858289716
712,1.977778,359.81245054121126,2.1741149737884147,352.64236994726053,8.853185132485079
713,1.980556,359.81368186184545,2.193839754226742,352.57028668783994,8.935533387113635
714,1.983333,359.830136405498,2.218208976083881,352.52329801833935,8.995782948454847
715,1.986111,359.83348864545997,2.2302138477938414,352.4567509689188,9.067054566614422
716,1.988889,359.8350475568368,2.27920607101907,352.3022529688063,9.262002315118641
717,1.991667,359.83149668598315,2.2785372145968363,352.2154088209068,9.34539696513898
718,1.994444,359.82794658681445,2.2778689328324457,352.1286002102522,9.428756657343305
719,1.997222,359.8382111314511,2.30782949683109,352.0663098346773,9.508498865172959
720,2.0,359.8444806141476,2.3289834712083444,351.99857482931696,9.586872043469805
721,2.002778,359.85075052951686,2.350134377975248,351.93081664289076,9.66526404990415
722,2.005556,359.84995627000734,2.363127718078669,351.81283839057,9.789593738565484
723,2.008333,359.84916206353836,2.376115723299165,351.6949478999697,9.913832144444997
724,2.011111,359.8483673382148,2.3891077473361335,351.57706141555127,10.03806782684162
725,2.013889,359.83742645443806,2.3865895668932,351.47750738012826,10.126638927897103
726,2.016667,359.8264877278956,2.3840780526596674,351.3779052341139,10.215264048828528
727,2.019444,359.8155550985033,2.3815740986053022,351.27829122786306,10.303910754112055
728,2.022222,359.81312013323236,2.401054182243726,351.1589964226535,10.434309504100957
729,2.025,359.810685223942,2.4205328348141997,351.0396947448152,10.564713254880752
730,2.027778,359.80825037102545,2.440010055274035,350.9203875510274,10.69512064440063
731,2.030556,359.8013763383161,2.451114012511317,350.84095794932045,10.780678618374102
732,2.033333,359.7945035396268,2.4622129600441127,350.7615159781873,10.866244597753097
733,2.036111,359.78762702588386,2.4733148913199052,350.68200478114784,10.951880087609359
734,2.038889,359.78478838459375,2.495015122938394,350.57494594899947,11.070869013631855
735,2.041667,359.7819525391287,2.5167138784854757,350.4679198883431,11.189822215578877
736,2.044444,359.7791205088819,2.538403346779033,350.3609661221955,11.308695748308184
737,2.047222,359.7642771717813,2.5283331820531387,350.256668319978,11.399105066536487
738,2.05,359.7648057993863,2.544824689430987,350.18267995432007,11.482837658332214
739,2.052778,359.7653333864525,2.561312936662576,350.1086709145505,11.56658654437164
740,2.055556,359.7569013514376,2.5568384107753683,350.0050691082632,11.662776443835513
741,2.058333,359.70620322880296,2.5141782654394813,349.88147416456826,11.75924036650696
742,2.061111,359.6555068042955,2.471492221178192,349.757814504239,11.85575843296243
743,2.063889,359.6544066118619,2.489270816715365,349.55702293600393,12.064853521673781
744,2.066667,359.6553874326987,2.5008366551579844,349.4618973730887,12.165204153500449
745,2.069444,359.6563659118722,2.51239678448856,349.3666798916725,12.265642586686466
746,2.072222,359.63813534719867,2.5149863940678436,349.2859077206013,12.351360587324583
747,2.075,359.64066471796576,2.5363231831173962,349.22806973118077,12.420376194656685
748,2.077778,359.6431934747137,2.5576568694115807,349.1702531046934,12.48936673015511
749,2.080556,359.6335290964655,2.581593212326723,349.08284243009575,12.595978753637239
750,2.083333,359.62386995037275,2.6055181683056166,348.99551389905895,12.702497627087906
751,2.086111,359.6142090813124,2.6294489642810746,348.9082053147837,12.808999621387626
752,2.088889,359.60118821811415,2.649781899459743,348.85345450252896,12.880824095938406
753,2.091667,359.5993391969241,2.679689099061955,348.7854818334075,12.969048018153606
754,2.094444,359.5974930510744,2.7095823948830304,348.7174656682384,13.057302833883925
755,2.097222,359.5939985037664,2.7433096887972646,348.6823168927497,13.117595371577815
756,2.1,359.5848579740134,2.763752450578659,348.63049436213066,13.187321825068262
757,2.102778,359.57571898252434,2.784190925433192,348.57865428076224,13.257059856156735
758,2.105556,359.57897963123384,2.8016783989877503,348.45077728012654,13.395822577472176
759,2.108333,359.5822393625491,2.819152732089721,348.3228777773835,13.534595698206351
760,2.111111,359.5855005240053,2.8366265155165262,348.19486526332605,13.673477831859993
761,2.113889,359.5152862391251,2.8305225762366106,348.1286102048428,13.74723836580288
762,2.116667,359.4632627706858,2.8692216971900795,348.1045128440365,13.823383088629177
763,2.119444,359.4112548572445,2.9078750034784857,348.08035086596465,13.899545025070042
764,2.122222,359.4071033931722,2.9236349165044917,348.00027540263073,13.992515487536645
765,2.125,359.40295199647056,2.9393926519094773,347.92021341360316,14.085469017047801
766,2.127778,359.39880066731325,2.9551482088203667,347.840165387893,14.178405115613986
767,2.130556,359.4033577936815,2.9688142694741515,347.68750251238947,14.337078179016393
768,2.133333,359.40820532371134,2.9815158563768787,347.6247515030121,14.40751566463515
769,2.136111,359.41305436255254,2.994220513476817,347.562025151392,14.47792868432097
770,2.138889,359.4109125042996,3.0053094227595167,347.48650330668704,14.563398489091314
771,2.141667,359.4087707280057,3.0163983199300333,347.41092252327917,14.648925747677767
772,2.144444,359.4267108026967,3.0459103063293718,347.28092933117233,14.796244952738801
773,2.147222,359.4252998467989,3.0639513435866768,347.2070671872546,14.884423046671104
774,2.15,359.423888185504,3.0819902698026382,347.1332091920188,14.972593776939854
775,2.152778,359.427447127815,3.0984475577582167,347.0540642911429,15.062796296015344
776,2.155556,359.43100595002437,3.1149035047228377,346.9748828012498,15.15303278824661
777,2.158333,359.43456337105073,3.1313521869595355,346.89569367599927,15.243270164113104
778,2.161111,359.4505913165899,3.148086237089588,346.8253570602071,15.322233396895227
779,2.163889,359.4547454602521,3.16411196100389,346.6927865082119,15.465212398130118
780,2.166667,359.458899783975,3.180135169353905,346.5603486134367,15.60805514276012
781,2.169444,359.47356523956506,3.1913026050324156,346.4662688314096,15.706706009289904
782,2.172222,359.47503721931895,3.200729689514402,346.39253986701885,15.787905303583857
783,2.175,359.4765091633479,3.2101553862837164,346.3188089947066,15.869103570026235
784,2.177778,359.5758099829253,3.2577820662829744,346.2431803082951,15.950288515175112
785,2.180556,359.57436526650486,3.2594897479297043,346.0894736924674,16.105241348934264
786,2.183333,359.57292115774334,3.261196429571285,345.9359543826812,16.260004890801362
787,2.186111,359.5874752145155,3.262433361916125,345.8358201956548,16.357247792883683
788,2.188889,359.5967774581425,3.258832371146182,345.723306002121,16.46233211794376
789,2.191667,359.6060795315975,3.2552334198388397,345.6107159932733,16.567492666149256
790,2.194444,359.6227706939515,3.2620282052842864,345.5301552103671,16.6526749674076
791,2.197222,359.63946697347177,3.2688243958836853,345.4495430622215,16.73790773712733
792,2.2,359.6561623575711,3.275619544893125,345.3689089290872,16.823159764250185
793,2.202778,359.65949560041196,3.265256875062109,345.23197086290986,16.95086104946138
794,2.205556,359.66282872626806,3.2548950122157763,345.0951720467627,17.07842252566433
795,2.208333,359.6661605353153,3.2445376862336595,344.9585626952225,17.205797136795006
796,2.211111,359.6703093752333,3.286016662355923,344.95428489704466,17.252084515822446
797,2.213889,359.67805554518606,3.2752405424121953,344.83723506035153,17.356663507971255
798,2.216667,359.6858019306669,3.2644642683141374,344.72014031751365,17.461285631634738
799,2.219444,359.69258057345814,3.3208694526721327,344.71261840348586,17.52179043211153
800,2.222222,359.7021058249217,3.321734807329719,344.5589674418549,17.6721958856836
801,2.225,359.7116308183667,3.3226000450419555,344.40546779971277,17.822448871241313
802,2.227778,359.7175718417627,3.341655261096765,344.32904405006525,17.914641944086775
803,2.230556,359.7235127414092,3.3607073589150698,344.25258753950135,18.00686307593991
804,2.233333,359.72945137880225,3.3797494802320305,344.1761262750903,18.099078408169085
805,2.236111,359.7366804040537,3.4022397675479716,344.1045649643573,18.187825144924794
806,2.238889,359.7274966494019,3.4149509705237246,344.0426593758062,18.26639644708841
807,2.241667,359.71831255789147,3.427656733663163,343.98075399571405,18.344960188462785
808,2.244444,359.72198560314894,3.447932135060322,343.8679894647811,18.47510790233831
809,2.247222,359.7242333780052,3.4717605511050618,343.7751780982085,18.588755504430544
810,2.25,359.72648113203337,3.4955828812332683,343.68251997594075,18.702242402343934
811,2.252778,359.7198957440574,3.5084126105543003,343.61939513246404,18.780005764242013
812,2.255556,359.73379198496974,3.592110663260577,343.58787908476324,18.872126282237026
813,2.258333,359.7476847783235,3.6757445494100995,343.55628038251814,18.964269993164983
814,2.261111,359.7333671675471,3.6791015564058185,343.4711657833812,19.05824496129017
815,2.263889,359.7290752528307,3.697948710438533,343.3300591005453,19.215944013453218
816,2.266667,359.72478374595414,3.7167885312667917,343.1888411304566,19.373745557263703
817,2.269444,359.6672773265259,3.714067676318617,343.11839064604936,19.463867558625907
818,2.272222,359.6097480899824,3.7113377959681273,343.0479167079234,19.55401331061522
819,2.275,359.5522167761859,3.70859987216752,342.9774451338082,19.644149719322925
820,2.277778,359.5435984841021,3.7366263593839495,342.9210661994164,19.725293367859557
821,2.280556,359.53777513184406,3.7511439429900957,342.7803917912825,19.880121990786407
822,2.283333,359.53195435465443,3.765652825374273,342.63993412729684,20.034723907639922
823,2.286111,359.52837877037723,3.786486530335843,342.55914593292727,20.131972266919078
824,2.288889,359.52480304986676,3.807316927942683,342.54444219133603,20.229213964842536
825,2.291667,359.5212271933584,3.8281440161344236,342.6252266281626,20.32644842139856
826,2.294444,359.52587951603994,3.846967436860126,342.7671410914268,20.48139594181893
827,2.297222,359.5305331680059,3.8657944740217633,342.9090892302602,20.63637775866863
828,2.3,359.53518647382185,3.884618348093909,343.05101766122,20.791335602333533
829,2.302778,359.53592458477175,3.9012817141107625,343.12630448994696,20.87937828587225
830,2.305556,359.5366624278413,3.9179444681350777,343.2015288900208,20.967356142592244
831,2.308333,359.52901573948907,3.9287975865896136,343.2741905270657,21.050209241999255
832,2.311111,359.52895126500016,3.942076212513644,343.372770522292,21.158737591506203
833,2.313889,359.5288863031618,3.955352716423752,343.4713931568827,21.267304653827146
834,2.316667,359.5260336352216,3.973224895196463,343.6124897488773,21.4230965103119
835,2.319444,359.50418144013383,3.9756037573353407,343.7660127653945,21.58510555700694
836,2.322222,359.4823232021647,3.977981115993501,343.91955094283094,21.74713071993176
837,2.325,359.48451242628977,3.995220175130994,344.01971849874894,21.85926318526009
838,2.327778,359.4841300264389,4.009552472871437,344.10709574224364,21.95530697489
839,2.330556,359.4837462374585,4.023882410642743,344.19446791449315,22.05134174029334
840,2.333333,359.4783260012036,4.056009597844204,344.3498389698057,22.23174219497497
841,2.336111,359.47867117490705,4.066542337152921,344.43998100076186,22.32590222827335
842,2.338889,359.4790158252863,4.077073883864761,344.53007253805134,22.420008775044487
843,2.341667,359.4771460006818,4.114921087295855,344.5804078779698,22.500223737766476
844,2.344444,359.4794531726125,4.13149620592557,344.7184286849938,22.646656447020973
845,2.347222,359.48176206863377,4.148075516251234,344.8567250832528,22.793363762359917
846,2.35,359.47661072094326,4.16278868205919,345.08026178726055,23.026577324020266
847,2.352778,359.48449269499287,4.1932985150957265,345.1539005855608,23.11803048013124
848,2.355556,359.4923747241531,4.223809034668436,345.22749189040235,23.2094358206487
849,2.358333,359.4925446678931,4.253133087137519,345.3001194077971,23.303363107234738
850,2.361111,359.488519118593,4.277982935145115,345.3909939161761,23.412048920674344
851,2.363889,359.48449436743266,4.302828903845347,345.48190329550465,23.520763324404548
852,2.366667,359.48383809836434,4.319709145511151,345.63481897298783,23.68432977849345
853,2.369444,359.48318166997683,4.336580473833514,345.7876436694161,23.84779704156165
854,2.372222,359.482524609581,4.353455039526493,345.9404847831412,24.011280579003504
855,2.375,359.48729586415345,4.377939148174063,346.0503412485538,24.135145492863266
856,2.377778,359.51936779391053,4.46342945108308,346.09002411566,24.226355654156684
857,2.380556,359.5514368145583,4.548897727132351,346.12967524904525,24.31751249993205
858,2.383333,359.5466792266771,4.5724414067047014,346.3017073514128,24.506508039451717
859,2.386111,359.5511832941603,4.597322924210182,346.37752365902344,24.597943579751785
860,2.388889,359.5556859149922,4.6222012151706995,346.4533286647471,24.689362990551842
861,2.391667,359.55325728113644,4.645288470536887,346.5699606507383,24.82377994140331
862,2.394444,359.5509932331447,4.666788751144631,346.677956529375,24.948603599340615
863,2.397222,359.54872745046623,4.688294524910358,346.7860614300612,25.073538372580884
864,2.4,359.5466558199051,4.711543702544619,346.90209317609407,25.206883781820757
865,2.402778,359.54458302181223,4.734790311050437,347.0180014614563,25.34010171038117
866,2.405556,359.54250905634626,4.758034347369515,347.1337850144381,25.473190869335262
867,2.408333,359.5446311369956,4.791817632454775,347.20886862089316,25.573236024518792
868,2.411111,359.54675357633664,4.825608435475429,347.2839755830875,25.67330716445405
869,2.413889,359.54887560998264,4.859394580855055,347.35907825357356,25.77336740287359
870,2.416667,359.5456559239929,4.88888339977926,347.49932246471406,25.937035575012878
871,2.419444,359.54243710128543,4.918356223534891,347.6395499764222,26.1006715090584
872,2.422222,359.539216824024,4.947834271750613,347.7798591033468,26.26439080873049
873,2.425,359.5544908098471,4.957956093007478,347.873958827794,26.368221193922913
874,2.427778,359.55672908123165,4.974919743920683,347.95098292584,26.457105545933587
875,2.430556,359.5589669355277,4.991877318257277,348.02797938963835,26.545953745488923
876,2.433333,359.567452743101,5.0035632698945705,348.219763789605,26.740986797268455
877,2.436111,359.56428831004837,5.020174272135369,348.3482968964255,26.884149213019604
878,2.438889,359.56112398840907,5.03677898225315,348.47707886651557,27.027551516526678
879,2.441667,359.5497808219782,5.047186524285507,348.55761070889184,27.120577329633733
880,2.444444,359.56069494397286,5.07225792027517,348.6384729746599,27.218668025685766
881,2.447222,359.5716126793147,5.097331748876737,348.7193707200987,27.316791591163167
882,2.45,359.5724895935147,5.1004410430807265,348.9005225240624,27.497944978551025
883,2.452778,359.57336636407155,5.103549826438686,349.08178351186507,27.679205064722325
884,2.455556,359.5742429909863,5.106658099461237,349.26315012406354,27.86056827532741
885,2.458333,359.5840730549693,5.130917066940105,349.3425249507734,27.956008695325117
886,2.461111,359.5794935425299,5.144489385249724,349.42175689028545,28.050126383329385
887,2.463889,359.5788236910921,5.162965779476556,349.50496419872223,28.147961344093126
888,2.466667,359.5323684436039,5.158999143849297,349.62780359413136,28.28419010986604
889,2.469444,359.48593956184834,5.1550158527079954,349.7506063559519,28.420370817569818
890,2.472222,359.4825682985435,5.185189012092369,349.49523847959733,28.189650897704546
891,2.475,359.47919685013153,5.215360389726499,349.23775568416266,27.956805274804807
892,2.477778,359.47582521694704,5.245529975134092,348.9781362327785,27.72181211384425
893,2.480556,359.4864776802379,5.270351958333482,349.46339069558354,28.22781010261651
894,2.483333,359.49712536045735,5.29515658867388,349.94370116024476,28.72885241121191
895,2.486111,359.5077759261291,5.319961730574914,350.4194055563796,29.225292458505884
896,2.488889,359.4913973422115,5.3287790887344855,350.48224087120946,29.303901074895933
897,2.491667,359.490946453461,5.341965222431574,350.6045042781144,29.43861165712491
898,2.494444,359.49049573097494,5.355130307153667,350.7269826154271,29.5735129260309
899,2.497222,359.4578434861803,5.339037587969523,350.8679070135111,29.713005928103783
900,2.5,359.42519147630674,5.32294102311775,351.0088011120478,29.852465923015316
901,2.502778,359.39253970351376,5.306840613021349,351.1496632502261,29.99189122649321
902,2.505556,359.38656248195343,5.341094009383282,351.2221720971032,30.102159068061773
903,2.508333,359.3805874564735,5.375298270553126,351.2947395066051,30.212431921691632
904,2.511111,359.3746103238725,5.40947804926482,351.3674169243401,30.32278891387032
905,2.513889,359.37845089881847,5.430451342777751,351.4652640987491,30.439208876529293
906,2.516667,359.36569591983584,5.430090000664798,351.5571579691583,30.53357042782183
907,2.519444,359.35294633702415,5.429727833186522,351.6489810915811,30.627855292184293
908,2.522222,359.3921687884271,5.44546938439983,351.79080507471747,30.7790068387569
909,2.525,359.40191810750196,5.448658435707456,351.8896983041929,30.88379769345174
910,2.527778,359.4116714100344,5.451846879555271,351.98855374946356,30.988546508943188
911,2.530556,359.40114234632,5.448085472651057,352.18794641142836,31.191309431018745
912,2.533333,359.38156776468537,5.455925292022114,352.25676987918234,31.276461886272713
913,2.536111,359.3619869169465,5.463766483170486,352.32556941376686,31.36159328596341
914,2.538889,359.36179957615053,5.466358302660529,352.4320351508468,31.46891947014373
915,2.541667,359.36270686847223,5.486336631767205,352.5487161042013,31.606486432489426
916,2.544444,359.363613734636,5.506307670980693,352.6651681360636,31.743813749652986
917,2.547222,359.3827718688213,5.5438891225736775,352.81514405350515,31.921448008229866
918,2.55,359.37688751177586,5.5573651820623,352.8850971605185,32.009626120457135
919,2.552778,359.3710032970259,5.570839747825087,352.9550168523454,32.09776532204187
920,2.555556,359.3824164800111,5.596621062797059,353.0199221826998,32.18344836528136
921,2.558333,359.38815493570763,5.588991589690977,353.15876422696476,32.312622735726656
922,2.561111,359.393894984013,5.581355091055512,353.29753468075756,32.4417143293328
923,2.563889,359.39930763355864,5.607090890873808,353.4312659474857,32.60240952930093
924,2.566667,359.400013581347,5.621032881135285,353.54012437926093,32.72703217546276
925,2.569444,359.40071918005344,5.634966341181736,353.6487916856335,32.851451007255385
926,2.572222,359.41054311512903,5.642712252563923,353.74096900579156,32.948036298142284
927,2.575,359.41369438710683,5.665392323967792,353.78261842623647,33.01339571869211
928,2.577778,359.4168459688433,5.688071928955985,353.8243068197929,33.07878868932234
929,2.580556,359.4155204621345,5.7018331369273945,353.9773112764083,33.24935830715389
930,2.583333,359.420110514903,5.7529019184138335,354.0557539898068,33.37749998279876
931,2.586111,359.42470193409014,5.803937281333152,354.1341714084727,33.50557965511353
932,2.588889,359.4116648784399,5.809875805915324,354.19282342163217,33.57929977783233
933,2.591667,359.4117708619147,5.816296388516159,354.27456301661897,33.669511599520575
934,2.594444,359.4118767099278,5.822712680173364,354.35628859935844,33.75969925481484
935,2.597222,359.30782806548274,5.517888124973627,354.67020556282745,33.8736343435227
936,2.6,359.2031357322454,5.2139989537070175,354.9825967571445,33.98761813057968
937,2.602778,359.0977945415821,4.911025956399325,355.29347534088384,34.10164969278239
938,2.605556,359.10110325722036,4.929715929882237,355.39876095728147,34.226777509226004
939,2.608333,359.09846790045157,4.9388584078316455,355.4607794452448,34.30219632614017
940,2.611111,359.09583171929,4.948000504662367,355.52282071602394,34.37763439388916
941,2.613889,359.1284676938507,4.967384605190411,355.6439092153312,34.51782175596333
942,2.616667,359.1530690740553,5.053777312848084,355.6787388245362,34.61973502145234
943,2.619444,359.17766159813175,5.1400955170929965,355.7137814679176,34.72178764627507
944,2.622222,359.17376625668487,5.149294598633075,355.77085305637763,34.79469662493647
945,2.625,359.1661304151605,5.158087199894608,355.8406697676998,34.87832778872846
946,2.627778,359.24117239286926,5.4151202457495735,355.8323586021434,35.058052830756225
947,2.630556,359.3761735838136,5.816831998006206,355.6969574902081,35.19182891264445
948,2.633333,359.510229605781,6.2200199868633295,355.5591353398656,35.3255990603158
949,2.636111,359.51540464012027,6.242700158560604,355.617933736245,35.407185559350935
950,2.638889,359.52224052217423,6.259391295286969,355.68046409065147,35.48622329577519
951,2.641667,359.52907657982126,6.2760764021269395,355.7429960299274,35.565251097683216
952,2.644444,359.52158696074304,6.27843374828009,355.81305018471465,35.64742665289324
953,2.647222,359.517790114624,6.285836173145496,355.9275261317439,35.77353036436352
954,2.65,359.51399385279865,6.293232717392883,356.04201205127004,35.8996327782575
955,2.652778,359.5061210336998,6.300286159063166,356.1654732106277,36.03871693005409
956,2.655556,359.5010388996475,6.33663946131365,356.18926959085326,36.10318881782106
957,2.658333,359.49595884760873,6.372920301606829,356.2131838776064,36.16769803842798
958,2.661111,359.48499731277417,6.3824383772824955,356.2976478103702,36.2713002821914
959,2.663889,359.49324448075413,6.391139872194804,356.36307901045205,36.35148001279565
960,2.666667,359.50149005145994,6.399837119008495,356.42851354585576,36.431652849606024
961,2.669444,359.49392901501085,6.409802479725979,356.6022826893075,36.62066189652017
962,2.672222,359.544363564261,6.441307728717096,356.71488089566543,36.747662215853516
963,2.675,359.59481016871644,6.4727940839521665,356.827267913469,36.87444534567632
964,2.677778,359.21440265453003,5.455227724467678,357.5581693671848,36.94223813336916
965,2.680556,359.21656569002783,5.462111157598038,357.6230042113513,37.017726038721214
966,2.683333,359.21872735823933,5.468988289695158,357.6878169846437,37.093177650860916
967,2.686111,359.1372316041121,5.450073981532595,357.75165328926215,37.179136528192615
968,2.688889,359.18353285932506,5.515027740724387,357.7891402892657,37.26623750672454
969,2.691667,359.22985076321066,5.579996123734459,357.826639893329,37.353373649408084
970,2.694444,359.16899080466635,5.570227189645877,357.8769392183819,37.430845603145514
971,2.697222,359.10809868078826,5.560429888812758,357.92725594053576,37.50832546488652
972,2.7,359.04719634070227,5.550607758647821,357.97757166128287,37.58578458813234
973,2.702778,359.1659095873279,5.894427655563373,357.8750179995271,37.71408661354307
974,2.705556,359.2838846323941,6.239297931132862,357.77072600351005,37.842432800342166
975,2.708333,359.4010858486101,6.585113249154849,357.6647199354909,37.97077516337905
976,2.711111,359.3746796794707,6.582056010725637,357.72627271878343,38.044664217261484
977,2.713889,359.34826972165234,6.57898952985904,357.78780894098065,38.118529034980966
978,2.716667,359.32185596792027,6.5759138009003255,357.84932835396836,38.192369295473114
979,2.719444,359.323838978884,6.590296850372429,357.9069343756492,38.2652528236148
980,2.722222,359.3198181220334,6.591457445938373,358.0335884467738,38.398875763623536
981,2.725,359.3157979047192,6.592618131727535,358.1599898379938,38.532240381715816
982,2.727778,359.30848770758416,6.596727170036118,357.8495479029017,38.231829590864024
983,2.730556,359.30117747348874,6.600836209741184,357.5413254477692,37.93362840331681
984,2.733333,359.29386983414946,6.604943771058039,357.2354234001107,37.637733599701285
985,2.736111,359.293472098723,6.603483095482794,357.3033484345003,37.708693428806384
986,2.738889,359.2852627125899,6.608915562149747,357.41468156959917,37.831554459621124
987,2.741667,359.277053229141,6.614347231465736,357.5261433102047,37.954535915732436
988,2.744444,359.2745524305458,6.609058128022957,357.605161666836,38.032086051808015
989,2.747222,359.26708469446504,6.599470196398359,358.3061554223467,38.73244866578736
990,2.75,359.25961759148316,6.5898827283976065,359.0151100310869,39.44076852543793
991,2.752778,359.2603551688174,6.597795980642534,358.6929670811277,39.1284406208947
992,2.755556,359.2610930294391,6.6057093135959715,358.37339759164735,38.81867587628135
993,2.758333,359.2618309075693,6.613619877824972,358.0565010810754,38.511569707534484
994,2.761111,359.26201715431444,6.641210656448571,358.11403083019616,38.59953721554009
995,2.763889,359.26220408477906,6.6688146578781975,358.1715718539604,38.68752064038581
996,2.766667,359.26239169897656,6.696431870933576,358.22912374256146,38.77551947434224
997,2.769444,359.25314124713816,6.666756450334072,358.3570767362994,38.8885932154488
998,2.772222,359.24388863865613,6.637069364587878,358.48506050441324,39.00168326834822
999,2.775,359.23463720713426,6.607381303397705,358.6130280643933,39.114747447617475
1000,2.777778,359.2212644085585,6.616438927748229,358.6596625728652,39.17812835451219
1001,2.780556,359.2250221961611,6.61333063573203,358.74975686463307,39.268025829742484
1002,2.783333,359.2363477501631,6.5537284916197525,358.9602868025477,39.416249955895225
1003,2.786111,359.23494725148134,6.596141116825713,359.0023453986029,39.503597706805905
1004,2.788889,359.2335465779585,6.638588407067704,359.04435440890063,39.59092199583703
1005,2.791667,359.23126386847485,6.592201480319309,359.2151817426453,39.71376656447959
1006,2.794444,359.22525775726746,6.637632385535355,359.2304005309889,39.77795875868377
1007,2.797222,359.21924965099447,6.683115844962169,359.2456096170237,39.842185663370934
1008,2.8,359.2154853859341,6.699371185606402,359.2972616617436,39.911188219863504
1009,2.802778,359.21513317336604,6.720273905921383,359.3591770036488,39.99257223198644
1010,2.805556,359.21478118033053,6.741172793177327,359.4209313446341,40.07378339649001
1011,2.808333,359.21466608212046,6.765390962740083,359.4891334442469,40.16449690812508
1012,2.811111,359.20918960043184,6.777174009985794,359.54677986279665,40.23758617274703
1013,2.813889,359.2037129068174,6.788952522021823,359.6045424077139,40.31077583057509
1014,2.816667,359.1937384554579,6.7994013351722415,359.65764842897016,40.37755313308277
1015,2.819444,359.1862019203597,6.838846093367435,359.70503498515336,40.467087355865154
1016,2.822222,359.1786627061813,6.878279105734936,359.75258866600217,40.5567678239624
1017,2.825,359.1882882952732,6.897913347726723,359.8075021395618,40.626324546235956
1018,2.827778,359.19010301620125,6.907283986640159,359.87439173096544,40.702689878291054
1019,2.830556,359.19191835384487,6.916654660245461,359.9413004012677,40.77906274983073
1020,2.833333,359.1857774008119,6.919333285347307,0.07223681500136436,40.9147430909818
1021,2.836111,359.192424101083,6.939705239016137,0.12290998040984746,40.98126064516638
1022,2.838889,359.1990703277567,6.960078120854686,0.17360642646765712,41.047791117339756
1023,2.841667,359.16258924560145,6.9522069938464615,0.2733920268579553,41.15523526736458
1024,2.844444,359.12612177203283,6.94432934247059,0.3732446174156969,41.2627304078249
1025,2.847222,359.0896416376045,6.936439489212088,0.47323546744268796,41.37035434906583
1026,2.85,359.08521913523373,6.9409176012034965,0.5443520671014497,41.444500477587624
1027,2.852778,359.09223578001706,6.956024062117347,0.6022115674739119,41.512352423391185
1028,2.855556,359.09925239167933,6.971127651493589,0.6600877287706162,41.58020573308712
1029,2.858333,359.25519836365834,7.063614064365744,0.7432938068134654,41.67463868479442
1030,2.861111,359.2577540985954,7.064580556216827,0.8628891465794197,41.79142224171666
1031,2.863889,359.26030973788573,7.065548432044519,0.9824616592610873,41.908173148755964
1032,2.866667,359.25430449708165,6.4456497043436745,2.232871985356848,42.53805076901241
1033,2.869444,359.27460032728516,6.464437221161431,2.294466365617435,42.61063933935507
1034,2.872222,359.29490660148895,6.483230218285039,2.3560867544404793,42.683243648928716
1035,2.875,359.2831370186725,7.161015236115535,1.2008768531054201,42.19939816955398
1036,2.877778,359.288447961243,7.168289079174794,1.2904391372280628,42.29544447550319
1037,2.880556,359.29375860958663,7.175561462739934,1.3799544242501192,42.39142966365933
1038,2.883333,359.2922124849681,6.522358549921641,2.675364170941414,43.03043281469139
1039,2.886111,359.29039392498765,6.5434011315948215,2.7390712656996214,43.112112877974646
1040,2.888889,359.28857617259314,6.564439702101186,2.802819074271813,43.19381498068621
1041,2.891667,359.2893710060479,7.2156387732352485,1.711694554973512,42.752141468440165
1042,2.894444,359.29101405979316,7.23045487860921,1.7464280411057267,42.797911803568226
1043,2.897222,359.29265784420545,7.245272576290548,1.781056779433456,42.84356565114919
1044,2.9,359.2908985354815,6.607003683028092,3.062859640480532,43.48698296831073
1045,2.902778,359.29599957056,6.619781215695969,3.1593766194613764,43.59328622287544
1046,2.905556,359.3011005731917,6.6325567781999,3.256013384310055,43.699691556484254
1047,2.908333,359.29910735830424,7.288618100984927,2.100923305411712,43.19779436094529
1048,2.911111,359.293625709736,7.29602748969155,2.171234854029315,43.27568406162042
1049,2.913889,359.2881440505435,7.303436638730435,2.2415746992529044,43.35358546922592
1050,2.916667,359.28399780942914,7.100372780324248,2.724252500874421,43.630208850669334
1051,2.919444,359.279853104239,6.898620750574345,3.2062833139423503,43.907480842305894
1052,2.922222,359.2757069500413,6.698029051808829,3.6880103477467294,44.18559225391351
1053,2.925,359.269642249801,7.344462021531628,2.546839191616918,43.68808517681001
1054,2.927778,359.27115030043774,7.365800196396874,2.6066306911580135,43.762693499711865
1055,2.930556,359.2726580862442,7.387133510916337,2.6663489643724994,43.8372083957758
1056,2.933333,359.2673693542521,7.411231781791519,2.725082654404357,43.91419719607968
1057,2.936111,359.2688686488944,7.44838440006947,2.780784799426371,43.99732027013127
1058,2.938889,359.2703650953329,7.485544304093766,2.836554364279987,44.08050275299254
1059,2.941667,359.23843243313587,7.503354338414086,2.8912981425307756,44.14548799919785
1060,2.944444,359.2403731250111,7.523671089556819,2.97791351137408,44.24551719548839
1061,2.947222,359.23892468734226,7.59368386627488,2.9634720452348695,44.29853127893993
1062,2.95,359.2459164331109,7.60422214374821,3.0483693388504634,44.390551617860076
1063,2.952778,359.25290692312706,7.614760049848877,3.1332943158966877,44.48258023198069
1064,2.955556,359.2517213596013,6.978662754838902,4.414405837730882,45.124701712355645
1065,2.958333,359.2510364669346,7.316432008842192,3.8849940702091317,44.92885359469406
1066,2.961111,359.2503516700632,7.657355906774413,3.3528673676407834,44.73342430876153
1067,2.963889,359.2504930592622,7.660459600305121,3.4813891270779997,44.861518662709834
1068,2.966667,359.24688390760286,7.669373328729362,4.047612415199318,45.43462997843469
1069,2.969444,359.24327618299094,7.678284284015424,4.617886394082515,46.01177408180152
1070,2.972222,359.21703428656355,7.671397156722058,4.716917969922257,46.11366612867782
1071,2.975,359.19078750152926,7.664503146700934,4.815992367971873,46.21557953126439
1072,2.977778,359.16453582475293,7.6576022492976055,4.915108926756481,46.31751334333243
1073,2.980556,359.1673281394005,7.67091427574924,4.990379182230825,46.39893347721439
1074,2.983333,359.1701199517473,7.684220980787796,5.065580347926357,46.48025924867166
1075,2.986111,359.1729132723851,7.697531947643233,5.140766262036461,46.56155043202443
1076,2.988889,359.16863800864786,7.699899563558361,5.207812546400639,46.62886107986848
1077,2.991667,359.1743182083151,7.718862050550383,5.31281816434463,46.74433621303348
1078,2.994444,359.1799958804085,7.737817609733055,5.417828239532209,46.85978881492777
1079,2.997222,359.1481177440685,7.720228500282181,5.531818487660164,46.949530115969004
1080,3.0,359.14436086399127,7.741253075990894,5.051556024502883,46.482062119507056
1081,3.002778,359.14060435681085,7.762279251823477,4.576247268365364,46.01952349970832
1082,3.005556,359.1455261432534,7.777078391359325,4.672960407959778,46.12564989990449
1083,3.008333,359.14088894450003,7.795260981921029,4.74393565643075,46.20820670921556
1084,3.011111,359.13625014680906,7.81345017683096,4.815068132309456,46.29089842277171
1085,3.013889,359.1233195803537,7.818515937250872,4.905317108586853,46.385131500579575
1086,3.016667,359.11462733232753,7.828043867424057,4.990848391887383,46.479687160410194
1087,3.019444,359.10593823829623,7.837568540289178,5.076323936614067,46.57415788350835
1088,3.022222,359.1036820512468,7.850269257164532,5.142156114822338,46.648944803556155
1089,3.025,359.10142586529474,7.862969966057587,5.208009555929163,46.723725199841006
1090,3.027778,359.099169680464,7.875670666021438,5.2738839865482525,46.79849840039619
1091,3.030556,359.09553249202736,7.266838592675969,6.5538029579173696,47.46538668358996
1092,3.033333,359.0932682582766,7.603725609429247,6.0055658628486235,47.2510694228492
1093,3.036111,359.09100345585637,7.943842954763046,5.455091428687879,47.037721116690044
1094,3.038889,359.08446766595273,7.952137976435804,5.506167438061581,47.097779383261994
1095,3.041667,359.07556112094403,7.96185120561341,5.586559215720293,47.18513450906969
1096,3.044444,359.06666013786827,7.9715595219260535,5.666990191441901,47.272492807169655
1097,3.047222,359.0497091082016,7.989403903210537,5.755322170311018,47.38074468183883
1098,3.05,359.0390445468097,7.998866146885305,5.815912835613247,47.449488962651124
1099,3.052778,359.0283802231862,8.008327391825826,5.876541453514971,47.518237683069415
1100,3.055556,359.0072192097024,8.028935537665358,5.946616060260165,47.60730712638983
1101,3.058333,358.9860664416773,8.049531857971076,6.016724145939644,47.69636537081155
1102,3.061111,358.96490668957017,8.070131181138887,6.086915780042638,47.78547802647179
1103,3.063889,358.9688788951375,8.086239030592168,6.110510531189753,47.81761048417808
1104,3.066667,358.9698417604845,8.103660333317055,6.190341790613477,47.906538268819205
1105,3.069444,358.9708039084778,8.12107209447495,6.270188399504221,47.99543936698433
1106,3.072222,358.9080475350096,8.022445215238623,6.417401406571788,48.08941298007158
1107,3.075,358.9171221833956,8.039991421702226,6.475665338250831,48.15693445988496
1108,3.077778,358.9261965548477,8.057536661702375,6.53385367255445,48.2243463621979
1109,3.080556,358.98480062755164,8.096531593800297,6.607041261269785,48.303048411914695
1110,3.083333,359.0433784667456,8.135506411241948,6.680180418330892,48.38166251730418
1111,3.086111,359.1019722316974,8.17448916857435,6.753323493175603,48.460247026809746
1112,3.088889,359.1052848545343,8.183410649879367,6.831519680639111,48.54232963602415
1113,3.091667,359.10859744286876,8.192332134137292,6.90974571260282,48.624402619895875
1114,3.094444,359.11190880433253,8.201250409669647,6.987973048660766,48.706434072608836
1115,3.097222,359.1152346461794,8.210798082354412,7.0624085049561245,48.78529187333754
1116,3.1,359.11856051035653,8.22034648506428,7.136850230006839,48.86411564405763
1117,3.102778,359.1153576819672,8.224896165916554,7.2210031394978,48.951420318543455
1118,3.105556,359.1121548659838,8.229446146135796,7.305182032108462,49.03870857839446
1119,3.108333,359.10895321530404,8.233994787515773,7.389356145226937,49.12594642297016
1120,3.111111,359.1204792397278,8.258147425131476,7.437055554699452,49.185017782716336
1121,3.113889,359.1148971128248,8.263144665304754,7.504169409479243,49.257691887672834
1122,3.116667,359.10931494342145,8.26814238930351,7.57121490637493,49.330255537899596
1123,3.119444,359.1176113802168,8.291478263244446,7.684055992436459,49.45781450188747
1124,3.122222,359.11474988727525,8.309129985468733,7.7271680839183645,49.51281714579582
1125,3.125,359.1118884115266,8.32678148582292,7.770275810111045,49.56776720317489
1126,3.127778,359.1051408566275,8.352341863728451,7.83405797299049,49.65626410260543
1127,3.130556,359.09839338770354,8.377892443262073,7.897957829709149,49.74481920810119
1128,3.133333,359.09164843364795,8.403424022819937,7.961952027670598,49.833397865924965
1129,3.136111,359.0752679181838,8.41496817541027,7.990807352820177,49.87477421380701
1130,3.138889,359.0744961552246,8.43232720678186,8.0132800111463,49.909517629035854
1131,3.141667,359.0737244176884,8.44968375159251,8.035751372743956,49.94420356889696
1132,3.144444,359.0616516427747,8.454881542148474,8.12993680118668,50.041478865756474
1133,3.147222,359.0495759389022,8.46008038356377,8.224225353008187,50.13880461225285
1134,3.15,359.0375016540538,8.46527840387903,8.318582551729047,50.236142595067776
1135,3.152778,359.1062426354155,8.51813507145992,8.359375655743534,50.29198033017606
1136,3.155556,359.10835978805,8.52148268519408,8.424042062693587,50.35771283157287
1137,3.158333,359.11047634094626,8.524828420908054,8.488714154919283,50.42338833009772
1138,3.161111,359.11534445265886,8.533719004382881,8.590691869749538,50.52929029788913
1139,3.163889,359.1196186398098,8.557557083160901,8.661929250725045,50.61853415117026
1140,3.166667,359.1238929044954,8.581384276248869,8.733299771290707,50.70783729210448
1141,3.169444,359.1067406288567,8.579264000452675,8.790238950289094,50.76888743498361
1142,3.172222,359.11211190083776,8.579550775036065,8.860367237223112,50.83509900484272
1143,3.175,359.11748364115385,8.579837426511588,8.930498396635826,50.90124789680336
1144,3.177778,359.11609726744797,8.591350634375146,8.998425913332142,50.97605182497841
1145,3.180556,359.12231623257924,8.597119602425856,9.083678743579494,51.06222269411452
1146,3.183333,359.12853683713104,8.602885202225565,9.168862245881694,51.14825490069966
1147,3.186111,359.120189708116,8.60346746390401,9.213517357157954,51.195063596365614
1148,3.188889,359.1135033685585,8.606765169599779,9.27718495054895,51.26037516980196
1149,3.191667,359.106816957899,8.61006334509517,9.340857181584639,51.32561865407322
1150,3.194444,359.1018236136972,8.608652088892594,9.408068477664635,51.391878691550716
1151,3.197222,359.0917877644,8.615059298905692,9.48952157651664,51.478559632745736
1152,3.2,359.0817521477719,8.62146580585052,9.57101617886962,51.56520495188905
1153,3.202778,359.0733934612231,8.604804553138688,9.642952945465094,51.61928187854852
1154,3.205556,359.0650347869547,8.588144173674756,9.714780534201285,51.673176353750684
1155,3.208333,359.0566791339294,8.571490665378011,9.786473315358172,51.72686557296098
1156,3.211111,359.05338168635166,8.57224425986404,9.861016250327197,51.800829757193576
1157,3.213889,359.05008423860926,8.572998081435966,9.935601565584875,51.874750872153456
1158,3.216667,359.0467867907641,8.573752130071934,10.01022898251535,51.94862699568144
1159,3.219444,359.0417978119313,8.581662784510122,10.042940067789175,51.98732865457555
1160,3.222222,359.02909482237015,8.579669357309971,10.12931966128781,52.06982507606571
1161,3.225,359.0163908602477,8.57767530562133,10.215846718523384,52.15237116298353
1162,3.227778,359.0250527799631,8.620572349134505,10.226520897641034,52.2039672337814
1163,3.230556,359.03371698784633,8.663435803725932,10.237276674677524,52.25551743542607
1164,3.233333,359.04238036177117,8.706250231971605,10.248110095794981,52.30699876261889
1165,3.236111,359.01069444203887,8.70861641346675,10.237559186464381,52.295017677759404
1166,3.238889,359.01234683142343,8.718192961598199,10.32642605632309,52.38892798216632
1167,3.241667,359.0140001963401,8.727767265158242,10.415377499830445,52.48281728404078
1168,3.244444,358.969202880373,8.689030963933295,10.48263396315648,52.53434452834854
1169,3.247222,358.92438139718263,8.650263264054743,10.549937804843971,52.58580604599899
1170,3.25,358.8795518760268,8.611478115396011,10.617264698261561,52.63717822148321
1171,3.252778,358.95088651869355,8.657313987461048,10.659830963416201,52.68358383459618
1172,3.255556,358.94473278008655,8.671112795026481,10.721900841380691,52.759100636053546
1173,3.258333,358.9385813146882,8.68490065542089,10.784036070411652,52.834552003852465
1174,3.261111,358.84946048283393,8.648721954125975,10.801461296032318,52.85617881048891
1175,3.263889,358.84688299020434,8.651383017378656,10.860272344294145,52.91369122922852
1176,3.266667,358.84686416728437,8.658414875311607,10.908751406915897,52.960737747148215
1177,3.269444,358.8401322902989,8.659154791263465,10.947879154809712,52.99864991776566
1178,3.272222,358.8333980692519,8.659894835733532,10.986987417461606,53.03641859975568
1179,3.275,358.8421704049242,8.667237500150108,11.032022367573653,53.07899024152056
1180,3.277778,358.8362762628143,8.669418602033122,11.11946453297363,53.16556853540584
1181,3.280556,358.8303821118228,8.671599716717996,11.20697580427024,53.252077052937025
1182,3.283333,358.831323080652,8.67596135075846,11.262910880310454,53.30557008705081
1183,3.286111,358.832264354146,8.680323688659016,11.318892525991544,53.358964467131344
1184,3.288889,358.83320559344173,8.684685159626515,11.374900470415831,53.4122341869258
1185,3.291667,358.8335837132842,8.688602029158613,11.404052748483696,53.43980957110416
1186,3.294444,358.8388616953456,8.698679816923342,11.488474995515759,53.52467175866718
1187,3.297222,358.8441413552584,8.70875912897515,11.572983890828748,53.60946509469494
1188,3.3,358.1401279913319,7.0182617183501765,12.619889829319156,53.656452734841736
1189,3.302778,358.4897207302296,7.87356576151241,12.198729398284367,53.734790521570204
1190,3.305556,358.83971959632447,8.72580474231843,11.78108732226406,53.813005685149975
1191,3.308333,358.84206086028723,8.72849207837093,11.829621359818638,53.85302805830669
1192,3.311111,358.84665564331755,8.737983468024936,11.88354332628888,53.905409244493015
1193,3.313889,358.85125030712334,8.74747406863878,11.937481689284002,53.957623466497026
1194,3.316667,359.01722926143844,8.842647318644364,11.9760319398892,54.00050497462293
1195,3.319444,359.0203446859555,8.876179563321227,11.99314296193241,54.03878696182545
1196,3.322222,359.0234611931676,8.909708751915218,12.0103215180381,54.07693604454494
1197,3.325,359.024889721459,8.926671819229615,12.060937770969836,54.13158020268537
1198,3.327778,359.02631810357826,8.943633097610597,12.11153561340975,54.186005260392434
1199,3.330556,359.0277463395409,8.960592585153798,12.162114882098098,54.24020628838011
1200,3.333333,359.02727887050116,8.971425298392326,12.221355411303282,54.29789535000975
1201,3.336111,359.02681127304464,8.982259491535178,12.280646013492863,54.35541560422699
1202,3.338889,359.02634371551187,8.993091263378052,12.339965167788069,54.41273612800612
1203,3.341667,359.02862866662826,9.011318233154121,12.394718035417426,54.47182183792664
1204,3.344444,359.0309127286567,9.029537124762982,12.44948233605015,54.530674746331755
1205,3.347222,359.03319754661493,9.047761056641669,12.504297305309894,54.58934095230077
1206,3.35,359.02846395891794,9.049284607807632,12.5449367036496,54.622769253511564
1207,3.352778,359.0248673762578,9.069991772896465,12.59366771061826,54.68139717703036
1208,3.355556,359.0212706451859,9.090686711808658,12.6424942539068,54.73984356207964
1209,3.358333,359.0219252177027,9.106437216667029,12.68993709696472,54.78775069161419
1210,3.361111,359.0674390644403,9.134629031229856,12.766373748393768,54.85736183593282
1211,3.363889,359.11295030446894,9.16282125722896,12.84286621872328,54.92674383422633
1212,3.366667,359.1118910747389,9.169747288075058,12.893646241283538,54.96995303659202
1213,3.369444,359.11083223197534,9.17667009762011,12.944391140138013,55.012830017897485
1214,3.372222,359.10977301359725,9.183594671539439,12.995137349736105,55.05540940281598
1215,3.375,359.1078176303399,9.197925589102024,13.038719212266805,55.09674208895056
1216,3.377778,359.1023155680249,9.209957089275179,13.113442779252917,55.16726886265596
1217,3.380556,359.0968139074554,9.221988344789516,13.188218396977152,55.23751687884236
1218,3.383333,359.09264165288107,9.23297094376813,13.237161287333958,55.280168125848846
1219,3.386111,359.0884677544124,9.243956873575026,13.286140879342145,55.322507816514346
1220,3.388889,359.0842937144963,9.25494217851345,13.335139430311447,55.36450437164393
1221,3.391667,359.08086622199085,9.259979446843321,13.411614114996066,55.426358252048644
1222,3.394444,359.0762258412259,9.27345074770647,13.481613981565303,55.492004900066036
1223,3.397222,359.0715840398639,9.286926448887126,13.55167597922864,55.55733116180298
1224,3.4,359.06553559692355,9.3105028838953,13.560674734006664,55.56926173243443
1225,3.402778,358.6944733166569,8.428687384341732,14.11615974857121,55.59109850268267
1226,3.405556,358.32379208734415,7.543482626312521,14.6754228636959,55.61251366041847
1227,3.408333,358.32105285224515,7.560129621551832,14.71126096771868,55.64371158364776
1228,3.411111,358.31831280182575,7.576782243624052,14.747060853035656,55.67444416999177
1229,3.413889,358.31557292254104,7.593434495635346,14.78280960297765,55.704679794784624
1230,3.416667,358.30706576651335,7.60510623608098,14.864457611968902,55.77759505124784
1231,3.419444,358.29856382114974,7.616773663056872,14.946201310438951,55.85009794396372
1232,3.422222,358.29137873802085,7.672106617780015,14.921092720323855,55.85682213010739
1233,3.425,358.2862039752508,7.682904462062732,14.985778681378733,55.90782607808718
1234,3.427778,358.2810291999683,7.693699886970526,15.05050780328002,55.95832785286184
1235,3.430556,358.2747109656636,7.702158196921234,15.113634442848713,56.005606937348716
1236,3.433333,358.6183005286533,8.585241233479081,14.681085761315991,56.070853608428806
1237,3.436111,358.9624601595621,9.465164137560663,14.252362094702477,56.13559970781414
1238,3.438889,358.96966509457906,9.472251390755787,14.298824800489747,56.15897335430776
1239,3.441667,358.9606903947866,9.481931105671297,14.331187690344596,56.17756019614053
1240,3.444444,358.95171843865603,9.491609648016237,14.363549932305567,56.19548811262645
1241,3.447222,358.9414345573331,9.475205997772555,14.451281190548325,56.247115072418524
1242,3.45,358.93114989969354,9.458799677198229,14.539052680378084,56.298087827079755
1243,3.452778,358.92086446579947,9.442390686293798,14.626864115817256,56.34838335994996
1244,3.455556,358.9230327362416,9.535135475762857,14.586869586650053,56.36627418633138
1245,3.458333,358.9222850155224,9.538970833902468,14.641399148313567,56.39295793619506
1246,3.461111,358.9215369719437,9.542807494812035,14.695973759085717,56.41889017500068
1247,3.463889,358.9172734747085,9.559430760386388,14.665519860592312,56.371235823958145
1248,3.466667,358.92895230550647,9.591855161412923,14.741249132280934,56.43925169916976
1249,3.469444,358.9406267622455,9.624252163289817,14.817088057950329,56.50648552909655
1250,3.472222,358.94154130043387,9.636350989158103,14.879067253645964,56.54314398522466
1251,3.475,358.9430663489194,9.64979860203205,14.935191150689214,56.57153935809801
1252,3.477778,358.9445917491722,9.663245445956495,14.991331268996348,56.598978167719096
1253,3.480556,358.94232641387254,9.669737191425774,15.07740500071877,56.653499601448075
1254,3.483333,358.94006198474597,9.676225891865545,15.16348641697688,56.706989736023345
1255,3.486111,358.9377968309309,9.682716220339977,15.249637046883876,56.75947819533536
1256,3.488889,358.9328298393127,9.46712604884414,15.744808394272539,56.9986486182476
1257,3.491667,358.9278629093613,9.252890517209444,16.238929556472122,57.23696134893885
1258,3.494444,358.92289782901014,9.040079015733685,16.73181714342701,57.47425794527412
1259,3.497222,358.912449606361,9.0483112192479,16.78281709315621,57.48953355626914
1260,3.5,358.9208264333091,9.381223854435362,16.24119405154609,57.23062274590032
1261,3.502778,358.9292058314557,9.71722835224751,15.69666000035027,56.97055529681538
1262,3.505556,358.91196508711073,9.088003207389594,17.029920742887406,57.623677460019465
1263,3.508333,358.9204227482577,9.096632798916136,17.124659454559648,57.672807513748154
1264,3.511111,358.9288863091566,9.105265516869334,17.219479936036976,57.72051186723
1265,3.513889,358.91482809058317,9.76442458247498,15.97816381576557,57.08450833738917
1266,3.516667,358.91314052107333,9.776905786636846,16.049897108166093,57.111019261073054
1267,3.519444,358.9114527860348,9.789380989062291,16.1216474681258,57.13583314294095
1268,3.522222,358.9050668021294,9.80475064363895,16.196428708789874,57.16569647909985
1269,3.525,358.8986809445411,9.820119227627476,16.271188261131073,57.193724748988274
1270,3.527778,358.8922952136201,9.835486739676355,16.345925718173262,57.21984129574213
1271,3.530556,358.88632787175277,9.855215369507107,16.386333462029015,57.212339276075184
1272,3.533333,358.882970708664,9.87240972219345,16.43160095331934,57.20416107270769
1273,3.536111,358.8796132806927,9.889608925834743,16.47689856561373,57.193825709338896
1274,3.538889,358.8802413970731,9.900867979395738,16.58091338979498,57.23539940218491
1275,3.541667,358.8808689628101,9.912125900143018,16.684968752917335,57.27465329817046
1276,3.544444,358.88149575228783,9.923378635935546,16.78902632682042,57.31143944278584
1277,3.547222,358.886423555539,9.948119687271973,16.840777300454207,57.300913757876316
1278,3.55,358.88819441070274,9.949626062900755,16.91384605954204,57.29245178041606
1279,3.552778,358.88996524790514,9.951132375156032,16.98693489037744,57.28114359364237
1280,3.555556,358.89905418557396,9.963140891694422,17.066676159234788,57.28066069551103
1281,3.558333,358.9040367203151,9.97789427253175,17.147447149200758,57.2799180671426
1282,3.561111,358.9090205404828,9.992652499122592,17.228277379324048,57.275960018302754
1283,3.563889,358.9097128691469,10.003997417503438,17.301771282076082,57.25850186872756
1284,3.566667,358.91040477487263,10.015341623841948,17.37529688976135,57.237441100780714
1285,3.569444,358.91109600881026,10.026681034749085,17.448827419656936,57.21256601536501
1286,3.572222,358.90611898407354,10.084195098763669,17.51243450350055,57.22165016515535
1287,3.575,358.89750485314227,10.096132315894955,17.616613017701127,57.222323725017176
1288,3.577778,358.8888896253933,10.108068753613729,17.72092305559157,57.21868338162432
1289,3.580556,358.9010767075992,10.13121873657781,17.782097888690487,57.16882811125197
1290,3.583333,358.8980478881163,10.160440932758405,17.86252415323714,57.14670669307017
1291,3.586111,358.9025319224056,10.176732722552227,17.941170114889402,57.10294992500654
1292,3.588889,358.90701527862893,10.193023515867154,18.019840837100432,57.05378775098697
1293,3.591667,358.9114979566874,10.209313312071437,18.098535909247495,56.998919249877176
1294,3.594444,358.9116565797426,10.237837447998142,18.166652131435676,56.939726510054356
1295,3.597222,358.89166402230455,10.241694713922687,18.267416448641683,56.88889066890168
1296,3.6,358.87167061417875,10.245551503282996,18.368218072592825,56.8313418963089
1297,3.602778,358.8737768330173,10.260717820226152,18.450344863878627,56.75415014173899
1298,3.605556,358.87588305198267,10.275883148034474,18.532521146555602,56.6694026675506
1299,3.608333,358.8779885128521,10.291042027473456,18.614716862029667,56.57660803498179
1300,3.611111,358.88439204369513,10.308097715157839,18.690723925805273,56.46848494971201
1301,3.613889,358.8797214980618,10.314964019715358,18.791995609318242,56.37487438810898
1302,3.616667,358.87505112741627,10.321829133124535,18.893310457116627,56.27172027762528
1303,3.619444,358.88133513310396,10.334389017639765,18.960836969237498,56.124811633820684
1304,3.622222,358.88762089755437,10.346952469503083,19.028350573508398,55.96704323797236
1305,3.625,358.89390615783304,10.359514965520841,19.095826720283966,55.79767363039748
1306,3.627778,358.90660485665745,10.368889277292176,19.179425209700895,55.62771559464771
1307,3.630556,358.90528909201197,10.380469141943223,19.250879781472662,55.438605830069406
1308,3.633333,358.903973864909,10.392044758414926,19.32230916722594,55.23533056806296
1309,3.636111,358.91358224730584,10.405600150988153,19.391658633632467,55.01000096669914
1310,3.638889,358.9126939552876,10.424228384357697,19.482290379447456,54.80024317391428
1311,3.641667,358.9118055425462,10.442855943849263,19.572936152149957,54.573253886446025
1312,3.644444,358.9113791773043,10.460610690917374,19.656819685037703,54.32104653559546
1313,3.647222,358.9109527906345,10.478372904191492,19.740761126377073,54.04899062829678
1314,3.65,358.9105265360793,10.496136188127515,19.82472968645429,53.755557081529574
1315,3.652778,358.9092450164815,10.515330303468033,19.868380375044445,53.39523074673174
1316,3.655556,358.9059151262886,10.534915069654463,19.912407068662198,53.0148322992447
1317,3.658333,358.90258661643935,10.554492741585321,19.95643334248591,52.60737435478802
1318,3.661111,358.89414917303856,10.566035959435261,20.068370253667297,52.235911728596676
1319,3.663889,358.89278964863166,10.581218525937082,20.17479690946037,51.82952160738502
1320,3.666667,358.89143025534156,10.596400373388107,20.28127131653543,51.389550852206995
1321,3.669444,358.6279656157528,9.799657706269503,20.890115895197546,50.86197310662817
1322,3.672222,358.39563558043545,9.344888270372607,21.183779606148285,50.29145798944524
1323,3.675,358.1650963410442,8.888555570350036,21.48080941325565,49.67751740946897
1324,3.677778,358.1702031052732,8.90448211610557,21.545063935505546,49.02257119174445
1325,3.680556,358.1793370636826,8.92040007155304,21.64991473468738,48.35905838568045
1326,3.683333,358.1884676073946,8.93631019714931,21.75478064985178,47.640526981575526
1327,3.686111,358.18960566783244,8.957776273265146,21.816266381210028,46.824370405548684
1328,3.688889,358.57363470434717,9.825173635564173,21.887312037771146,46.5069048681896
1329,3.691667,358.9580511228966,10.689157483743728,21.962976488418334,46.130123731600996
1330,3.694444,358.92508699650045,10.673515537310365,22.097781078714057,45.1751677707581
1331,3.697222,358.89210946586144,10.65786520592863,22.232664407696,44.138979371468274
1332,3.7,358.8591304057819,10.642212124445816,22.367576384137173,43.014799787252855
1333,3.702778,358.85966089852684,10.647818681880505,22.402208413221487,41.682080962570076
1334,3.705556,358.86019147363686,10.6534259300712,22.43683373951052,40.24341829981181
1335,3.708333,358.860721940071,10.65903185014065,22.471439862296364,38.690701758007094
1336,3.711111,358.8750370067038,10.674621444156525,22.51371938713585,37.02888054141539
1337,3.713889,358.8820548559755,10.694686956087082,22.583269804446843,35.28142192435348
1338,3.716667,358.88907243570316,10.714752903704866,22.65284555389301,33.3992523371546
1339,3.719444,358.89055031435964,10.721652525544993,22.720056487741743,31.354681847187358
1340,3.722222,358.8920287816005,10.728555361422153,22.787368863632892,29.1642314304203
1341,3.725,358.8935073052272,10.735458926546094,22.854758341551047,26.825821266547486
1342,3.727778,358.88898838997227,10.752467478052797,22.907175025971526,24.347934556959174
1343,3.730556,358.88446942530067,10.769474260488582,22.959573527468258,21.726963437543233
1344,3.733333,358.8799520379495,10.786473148919079,23.01193478465175,18.971713028109676
1345,3.736111,358.8850310693671,10.799642420902856,23.495589049907096,16.76307962282001
1346,3.738889,358.8901093117689,10.812810820187565,23.979597913858832,14.489073041415471
1347,3.741667,358.88488726882855,10.817272912017145,24.069728857699012,11.516156209427068
1348,3.744444,358.8876548861375,10.83303954302863,24.157047607129627,8.499236743438024
1349,3.747222,358.8904238968272,10.848812197516274,24.24449502492508,5.472452333616433
1350,3.75,358.9083516226142,10.85182431204619,22.672919952256308,359.52165441950336
1351,3.752778,358.91017068586586,10.86181290766578,23.086103157498137,357.1117172425782
1352,3.755556,358.91199003564054,10.871802083256554,23.499907308931306,354.8208206231833
1353,3.758333,358.9288599871314,10.891124819572141,23.555365946609115,352.02369638173855
1354,3.761111,358.9220495751547,10.895528808210283,23.663932174481964,349.47852177559366
1355,3.763889,358.91523908571423,10.899933563387826,23.772480155963322,348.4882096459342
1356,3.766667,358.9247183890199,10.909292391589616,23.84121704144716,350.7275356806254
1357,3.769444,358.8907436852595,10.901115378110148,23.91576878203209,352.72373691962764
1358,3.772222,358.8567563064354,10.892930207326899,23.990364263415074,354.4898619663952
1359,3.775,358.90355300690004,10.90190268111093,24.054128054605016,356.0442925562604
1360,3.777778,358.88345474089397,10.920013916117917,24.092463258484777,357.38571797660285
1361,3.780556,358.8633602264549,10.938129104420302,24.13076796938205,358.485612754371
1362,3.783333,358.8605836771642,10.947212253347896,25.576602649010255,356.7307488738357
1363,3.786111,358.85694928509565,10.96808123776966,24.8933991973295,358.66839659531814
1364,3.788889,358.8533150971541,10.988953929273535,24.209410487350738,0.35884477449557295
1365,3.791667,358.85798325807707,11.009253648771224,24.232903734561553,0.5083666990905282
1366,3.794444,358.74790036505544,10.662560154531164,25.342021622505698,359.1246058799155
1367,3.797222,358.6371276750444,10.316517510126271,26.449962507788072,357.7380194712588
1368,3.8,358.6662987147711,10.447956055750467,26.408435737315095,357.7893065345155
1369,3.802778,358.67264047542005,10.462109470137065,25.673217139455744,359.3702829744904
1370,3.805556,358.6789822704147,10.47626519246182,24.937521855241016,0.9472011881393243
1371,3.808333,358.67846291960893,10.4063752436758,25.054912982592754,1.0478649367886543
1372,3.811111,358.6891824797575,10.45797185956975,25.98841597933115,359.4529822926964
1373,3.813889,358.69990269991854,10.509533829557665,26.922987565676834,357.85383997064207
1374,3.816667,358.7050507316498,10.50640439004561,27.02965302364705,357.8907625383062
1375,3.819444,358.71019639891273,10.50327209386564,27.136219312960186,357.9277506862729
1376,3.822222,358.7153434077478,10.500134682235647,27.242762623637034,357.9648300232165
1377,3.825,358.7241596691848,10.59496249615168,27.283301571690366,357.90288642619674
1378,3.827778,358.72774488822137,10.599823677098737,27.368590334410243,358.68863785925066
1379,3.830556,358.7313298948079,10.604685547558592,27.45379217368952,359.4903082573726
1380,3.833333,358.7391680566053,10.63473024073381,27.5225732765006,358.0676554714849
1381,3.836111,358.7368542041102,10.638683478098915,27.63451395638667,358.7402065022028
1382,3.838889,358.734540112983,10.642634797466773,27.74655142068096,359.40593365323025
1383,3.841667,358.7381140085226,10.668213988383496,27.820879367297515,359.4239692631777
1384,3.844444,358.7398500993347,10.67527646944697,27.945058409699406,358.7050130909755
1385,3.847222,358.74158680856044,10.682342635905922,28.069317706861632,357.98053420276653
1386,3.85,358.75337861288426,10.692151353310443,28.175041122607944,358.05658182713586
1387,3.852778,358.7538912208638,10.705537805351863,28.247497074234374,358.1007262263848
1388,3.855556,358.7544038184964,10.71892665566871,28.31998748681459,358.1449128748484
1389,3.858333,358.7661194551734,10.725754072356857,28.43404821744371,358.1290644890194
1390,3.861111,358.7778423967697,10.73258499425311,28.548253895582945,358.1130200037774
1391,3.863889,358.78956842480926,10.739416962869761,28.66256248802749,358.0967854451622
1392,3.866667,358.7977206068861,10.755443473998959,28.76993495224564,358.1424304400616
1393,3.869444,358.8058706676823,10.771467178676147,28.877315588935765,358.18800122983725
1394,3.872222,358.8140244768324,10.787499616023272,28.984780643747058,358.23352883155286
1395,3.875,358.8267262273229,10.796183958191524,29.079520863854214,359.5715741511471
1396,3.877778,358.84744198664697,10.808030204636687,29.176019628970266,358.9197638785826
1397,3.880556,358.8681594743531,10.819878957194529,29.27254693405017,358.263331734488
1398,3.883333,358.8754989133011,10.831885582420192,29.427274291406633,358.69129570958205
1399,3.886111,358.88284084769884,10.843898286157948,29.582133792753154,359.12559964440135
1400,3.888889,358.89018263450095,10.855912745019975,29.737067069793724,359.56606010802335
1401,3.891667,358.9012906748769,10.877839798988383,29.798561945369386,359.72015504811696
1402,3.894444,358.90620458013,10.858626647735004,29.930003494133963,359.7362881997875
1403,3.897222,358.91112015885454,10.839388913522448,30.06139344469384,359.75242354927025
1404,3.9,358.91363642087043,10.92983218484477,30.05561874857616,359.8296727017078
1405,3.902778,358.9157545492609,10.871974631644846,30.23296027537492,359.6636076216736
1406,3.905556,358.9118962315998,10.890166912937154,30.364203727063646,359.69816560319776
1407,3.908333,358.90803948213943,10.908352475999138,30.49544063000824,359.7358418695126
1408,3.911111,358.90418152324133,10.926544414151078,30.626763468120366,359.7767440250921
1409,3.913889,358.8882087873768,10.962509926941237,30.67220136302614,359.8529904141308
1410,3.916667,358.8722368986731,10.99845622857222,30.717738373694523,359.92916663993793
1411,3.919444,358.8562716055329,11.03437035411853,30.76335778725514,0.0052429285949191495
1412,3.922222,358.69913823066764,10.733237928300738,31.02329385931459,0.04145437429435184
1413,3.925,358.54285765463436,10.4314724153252,31.284681179263387,0.07777482843127537
1414,3.927778,358.38742540007144,10.129047806028918,31.5475403067355,0.11420309894593395
1415,3.930556,358.404971583247,10.148750056510792,31.721754273358023,0.0017449759804026854
1416,3.933333,358.4244653991721,10.163245244067976,31.824721661038986,359.7951909764356
1417,3.936111,358.4439699630246,10.177747719741195,31.927732679423073,359.5926820155164
1418,3.938889,358.542972883355,10.261092910157398,31.99841791877907,359.6569905207804
1419,3.941667,358.5521203761273,10.291916143612138,32.06387852205956,359.17052795233667
1420,3.944444,358.5612637704575,10.32273116245717,32.12936687190287,358.67382970859774
1421,3.947222,358.7176431635245,10.64954741852942,32.104576548408915,359.0211506078985
1422,3.95,358.87485592895325,10.975386244521609,32.08172984957594,359.3599755740363
1423,3.952778,359.03290641542014,11.300277679901402,32.06079935092453,359.69044923541577
1424,3.955556,358.9974311502393,11.305448031758672,32.140291659730906,359.749179202952
1425,3.958333,358.96197458243205,11.310612973887416,32.21978051235378,359.80785098889305
1426,3.961111,358.926511168411,11.315776219446693,32.299322599026084,359.86650506841283
1427,3.963889,358.85948615739517,11.292312271835975,32.39266592543737,359.9307656926014
1428,3.966667,358.7924616796232,11.268846546521722,32.48600337572803,359.99515421362264
1429,3.969444,358.72546190865506,11.245387506393907,32.57930076893095,0.05964546947895322
1430,3.972222,358.5718428199145,10.983699949016152,32.83754732829776,0.10266937742903437
1431,3.975,358.4190559138069,10.721607664836387,33.09700862247449,0.1474430575405048
1432,3.977778,358.2670961573911,10.459086192827819,33.357702229805135,0.19398807588085099
1433,3.980556,358.73015590700027,11.377138638341581,33.02420976326475,0.2506690997248455
1434,3.983333,358.49743041799184,10.95071001393464,33.32064507899427,0.30681289154551195
1435,3.986111,358.2664470026806,10.522803552334171,33.62035338678502,0.3630079058783444
1436,3.988889,358.2730494120576,10.550707724127506,33.69807327977136,0.4443528750829735
1437,3.991667,358.2838260931973,10.59178303719743,33.84847197380255,0.3403651118930906
1438,3.994444,358.29459477783917,10.632853498219735,33.998794310823314,0.23637427280669954
1439,3.997222,358.30842054586606,10.670812297136116,34.08461399839389,0.2909857398959854
1440,4.0,358.3222464225496,10.708772871759777,34.170480265584914,0.3456642880850769
1441,4.002778,358.3360724070032,10.74673520985533,34.25639228662029,0.400408023972993
1442,4.005556,358.3441935440492,10.755682543347895,34.348168308365594,0.4832441250887367
1443,4.008333,358.3513276264574,10.776131495864828,34.46352088150627,0.4633157794585081
1444,4.011111,358.3584640268604,10.79659201242307,34.57901111526857,0.44315724279002033
1445,4.013889,358.5171738852569,11.120747774451704,34.57120161863209,0.41920666737521906
1446,4.016667,358.6766298834603,11.444057527078396,34.56500824759659,0.39520023816177563
1447,4.019444,358.83677708981827,11.76642822592838,34.56040991748994,0.37114758018111615
1448,4.022222,358.84186036309757,11.78527748539637,34.66026788490931,0.4296165812334891
1449,4.025,358.846943912407,11.804129096438967,34.76012992578931,0.48818624262334076
1450,4.027778,358.8520277376658,11.822983058013119,34.859995158477126,0.546854457784308
1451,4.030556,358.85257738676916,11.811820464111435,35.01647462600001,0.5371603004925181
1452,4.033333,358.853011777628,11.832652376547983,35.1830242107012,0.4857673439335173
1453,4.036111,358.8534467887915,11.853494575808487,35.34958217167675,0.4343459459264132
1454,4.038889,358.86221526092623,11.880102508286424,35.43150526905553,0.5174483402725709
1455,4.041667,358.87098350295594,11.906714054217186,35.51345386656965,0.6007520829752533
1456,4.044444,358.8797483585602,11.93331962774747,35.595397809558015,0.6842242324595968
1457,4.047222,358.8746627886327,11.983207878090575,35.66765658161231,0.7310537039223046
1458,4.05,358.88132494088933,11.992682567701394,35.83981344601357,0.6772249732531499
1459,4.052778,358.88798795643,12.002158137018554,36.01180584919726,0.6236445549229686
1460,4.055556,358.87783437768036,12.009281049794833,36.19422725827246,0.5790853606515451
1461,4.058333,358.88559633416565,12.061257177155365,36.25402265231965,0.6244356501998958
1462,4.061111,358.89336142088007,12.113246483765415,36.314030766494994,0.6693800591905461
1463,4.063889,358.893432379361,12.122548111794348,36.410088462855725,0.7753400942820008
1464,4.066667,358.8868699627605,12.143203155080194,36.546939891036644,0.7891744107387968
1465,4.069444,358.9619343968849,12.467850995648401,36.46998675571159,0.7674125351122054
1466,4.072222,359.0366597967096,12.79342519956517,36.39178625469883,0.7456130381730652
1467,4.075,359.1110208881319,13.119812094756469,36.31236234088293,0.7237846203647926
1468,4.077778,358.39473872360185,11.304712274836596,37.47947413522771,0.7721117447721699
1469,4.080556,358.75304184929786,12.256510759687224,37.012805653018575,0.8701576831180624
1470,4.083333,359.1118787461071,13.203412707703428,36.551540604326796,0.9682438597318157
1471,4.086111,359.11064067612085,13.219207950005991,36.69885044973725,0.9225396923838929
1472,4.088889,359.05962829767276,13.236298426351986,36.80487118164774,0.9584796881705202
1473,4.091667,359.00861790271074,13.253394901299835,36.910849881016816,0.994755256464332
1474,4.094444,359.11956238754243,13.341576665672484,37.03428096913108,0.9439816687841862
1475,4.097222,359.057702509966,13.349066455133308,37.113088182677465,1.0244397298866943
1476,4.1,358.99584403569196,13.356559606834466,37.19186270144357,1.1049883562226412
1477,4.102778,358.9974542866866,13.39617559094313,37.26544552951447,1.1355833870607341
1478,4.105556,358.9853903575908,13.423983522551538,37.39929212807821,1.1463251632995863
1479,4.108333,358.9733315472452,13.451788810299703,37.53321635853639,1.1570367980267253
1480,4.111111,358.8810984816195,13.186215444189688,37.8413540793653,1.1859992596986846
1481,4.113889,358.7884404889937,12.921114132135745,38.1486567377975,1.214906119359613
1482,4.116667,358.6953547893185,12.656478874366908,38.455126312108405,1.2437562536520765
1483,4.119444,358.6812023454413,12.694255080951834,38.51909546431137,1.3048644861171752
1484,4.122222,358.68179149343746,12.729478415754329,38.61519896070917,1.3388634619517443
1485,4.125,358.68237952036264,12.764715850563526,38.71128765582022,1.372661549099151
1486,4.127778,358.67532479262746,12.784468201487936,38.822193673818525,1.4177312956873447
1487,4.130556,358.6753141043622,12.820524701910127,38.92585280486833,1.444693370279163
1488,4.133333,358.6753034395121,12.856573748811115,39.02948278786576,1.471765958494279
1489,4.136111,358.1710742403892,11.939374013260696,39.5882282944474,1.4959082870154674
1490,4.138889,358.1729024453528,11.977594627761992,39.66710338114635,1.5762938762087195
1491,4.141667,358.1747296909653,12.015824961361933,39.745981651597596,1.6567230170590843
1492,4.144444,358.1763825601278,12.048930573905508,39.85633509258887,1.6628678186303052
1493,4.147222,358.5658711540412,13.006477509065274,39.42198653412798,1.6773830919909596
1494,4.15,358.955839079989,13.959370255269338,38.99281400353398,1.6917370461379484
1495,4.152778,358.94447641088226,13.996780483799277,39.08210751908367,1.719918023260501
1496,4.155556,358.93311239963515,14.034206031547878,39.17152957546884,1.7479154440071465
1497,4.158333,358.92175114056846,14.07163341027228,39.26104709197096,1.7757181499295172
1498,4.161111,358.9241697603356,14.095401774804746,39.3542852601873,1.7704685570340146
1499,4.163889,358.922700618033,14.125499586322572,39.46162896535178,1.8142868449189358
1500,4.166667,358.92123198487957,14.15560304602101,39.56896438116186,1.8582835355207852
1501,4.169444,358.8301324963564,13.91227793993286,39.85741736025522,1.8825342089540147
1502,4.172222,358.7386256971439,13.669250733192378,40.14524621822629,1.906861791375702
1503,4.175,358.64674215032045,13.426603984824311,40.432348628337266,1.9312567659085076
1504,4.177778,358.6737981504857,13.458891230091705,40.52786491526096,1.9794357923148276
1505,4.180556,358.67268395045676,13.493785220504762,40.62525850638242,2.015397353772112
1506,4.183333,358.6715694118048,13.528676930042884,40.72256453478208,2.0512600156572844
1507,4.186111,358.6733572314085,13.55922235934976,40.84112263278733,2.073486605122735
1508,4.188889,358.67514442653766,13.589773730459783,40.95966601611822,2.095763342865098
1509,4.191667,358.6769309972239,13.620331036213752,41.078192884716564,2.1180892650020358
1510,4.194444,358.67493107219815,13.65568654648667,41.15360147804849,2.1351657463411
1511,4.197222,358.4233917000244,13.18876809302062,41.48386187663003,2.228971063270105
1512,4.2,358.1737595327189,12.720108950965823,41.817772285679695,2.322700542229901
1513,4.202778,358.18364084603843,12.751086396434268,41.934937376623424,2.3433525523087173
1514,4.205556,358.19352166618245,12.782067385361021,42.05195976026166,2.3642843569180076
1515,4.208333,358.2033984362253,12.813040757717172,42.16879596381164,2.385487387350503
1516,4.211111,358.21060939483016,12.844566686206662,42.337041123680436,2.2759331000297003
1517,4.213889,358.21834049766727,12.883273366490794,42.40942227643765,2.3642823678498637
1518,4.216667,358.2260724471198,12.921981105211877,42.48180656492235,2.452358221244795
1519,4.219444,358.4575341451871,13.395006889495992,42.36897705745247,2.5135947234081755
1520,4.222222,358.69093495428757,13.86639756135007,42.259740542574214,2.5750352897736004
1521,4.225,358.69147656794064,13.889258968164356,42.370257242036644,2.5872119152300765
1522,4.227778,358.6986759337133,13.926076846728574,42.51275337313897,2.558276880053455
1523,4.230556,358.7058817551442,13.96288597056179,42.65535425347386,2.5292955443642793
1524,4.233333,358.7052650147881,13.988072292837717,42.74449434377362,2.581867756512432
1525,4.236111,358.7046479100675,14.013275726322988,42.83373827414048,2.6342246994136556
1526,4.238889,358.70403066310007,14.038487202170959,42.92305322733526,2.6863457307280285
1527,4.241667,358.70478795024746,14.062074734229078,43.030291326476,2.726650850933602
1528,4.244444,358.70554448994767,14.085660971605176,43.13744718865215,2.7670548921960183
1529,4.247222,358.7063008270777,14.109262901720296,43.24459678661685,2.8075854022962066
1530,4.25,358.2100315189743,13.14613082164681,43.86981741338234,2.759812983450118
1531,4.252778,358.2123583335401,13.167598526511018,43.96409639916914,2.8046322328385127
1532,4.255556,358.2146848559444,13.189074531844579,44.058349511764064,2.849532452395497
1533,4.258333,358.2238310993367,13.202780129480114,44.151542188699366,2.9166732426434923
1534,4.261111,358.23298171203027,13.216501388356416,44.24478754108651,2.983752747872895
1535,4.263889,358.2421334020041,13.23023339809993,44.33805136246968,3.0507445002462887
1536,4.266667,358.1602253047141,13.269125547102345,44.45551675166635,3.018670804244696
1537,4.269444,358.1641885752281,13.292866298460318,44.58603547449348,3.005822189909905
1538,4.272222,358.16815319007907,13.316618534008363,44.716570752633345,2.9931319033959642
1539,4.275,358.123660975975,13.31759748829132,44.82006584835731,3.0601163755497662
1540,4.277778,358.12216454997247,13.33892194945646,44.89238092789255,3.1320295434058973
1541,4.280556,358.1206676804969,13.360254829474602,44.96468672658922,3.204044966954406
1542,4.283333,358.13049796470784,13.381046660399146,45.082023752388864,3.2843391438422067
1543,4.286111,358.51538422377683,14.34113284797279,44.62363425031748,3.3098910883014057
1544,4.288889,358.90070613422307,15.29666119036083,44.17017616924684,3.3356005900943426
1545,4.291667,358.8889896885996,15.307501766058959,44.31330184495554,3.328022108407813
1546,4.294444,358.74826735020616,14.886347451669547,44.74005337083375,3.3311553665957945
1547,4.297222,358.60659171974,14.466093741499154,45.165225378759494,3.3337899194419425
1548,4.3,358.6056735800378,14.489837262681732,45.267270891384996,3.3834158416364737
1549,4.302778,358.6047555721669,14.51358461766198,45.369305558899136,3.433025227437838
1550,4.305556,358.6038376961634,14.537335803497818,45.47132830746188,3.482616137348817
1551,4.308333,358.5965509247268,14.592963130375363,45.5212938344086,3.514838250196858
1552,4.311111,358.6030905041055,14.623394987036583,45.62358354250353,3.5596942760653523
1553,4.313889,358.60962982589336,14.653833839556725,45.72583691340292,3.6045887655783435
1554,4.316667,358.6088273326499,14.677374190888536,45.815815153286145,3.6673450914106738
1555,4.319444,358.60802548772654,14.700907080633979,45.905770215278494,3.730028085218418
1556,4.322222,358.60722371373157,14.724449452356946,45.9957660788533,3.7926805765273333
1557,4.325,358.60613561890256,14.757388388144452,46.08961093029446,3.792911402408251
1558,4.327778,358.7557638976867,15.210869060081585,45.92822086817663,3.7762212057221554
1559,4.330556,358.9043725218961,15.665933176065515,45.76436929865028,3.7592719771635217
1560,4.333333,358.64280324876205,15.088592632421985,46.19638579997951,3.8028545451908684
1561,4.336111,358.381369004783,14.508975181780908,46.6308781360416,3.8464931988926505
1562,4.338889,358.12017466366075,13.927293501117674,47.06769568085036,3.890170733646306
1563,4.341667,358.10974273058105,13.963177797498748,47.15438961573007,3.9176532721860564
1564,4.344444,358.0993161804107,13.999063310497,47.241011473116046,3.9452154006092517
1565,4.347222,358.088887504867,14.034975871971525,47.32762260723736,3.972876094438602
1566,4.35,358.10966546037065,14.103342179429003,47.41427583854539,3.9783370513915397
1567,4.352778,358.1304433642431,14.17170142563365,47.500936660714856,3.983841304378041
1568,4.355556,358.15122121401214,14.240053525510532,47.58760354846102,3.9893886737290334
1569,4.358333,358.1136053737718,14.271683612223978,47.669117380137536,4.067729663313196
1570,4.361111,358.10774585608067,14.324888616505781,47.71833980721435,4.123599614885231
1571,4.363889,358.10188724498977,14.37809993073667,47.767646780567574,4.17934817405475
1572,4.366667,358.10296662998104,14.40878354933735,47.846703169062195,4.216579658124028
1573,4.369444,358.3593636203219,14.924151454737117,47.726466794185626,4.24843100303117
1574,4.372222,358.6181502808282,15.43758668388752,47.610475201248875,4.280438340488155
1575,4.375,358.6168662254154,15.477919114793373,47.75111105122943,4.1889759950391205
1576,4.377778,358.6089714201381,15.517788655164882,47.79219453647086,4.348004652145404
1577,4.380556,358.6111720978197,15.550065977939209,47.846427766984704,4.442881877493859
1578,4.383333,358.6153451821583,15.601948337006611,47.901071789231665,4.461779346010827
1579,4.386111,358.6195174792641,15.653878927329131,47.955758853407616,4.480536739829022
1580,4.388889,358.62958058548554,15.687889307172252,47.49623012639634,5.958600760138092
1581,4.391667,358.62709452732923,15.7090809341017,47.651865314431106,5.841803889976548
1582,4.394444,358.6246096089688,15.730273371530249,47.808023971364534,5.724348380440555
1583,4.397222,358.57111668704977,15.741056342303285,47.91401660840086,5.697070081386288
1584,4.4,358.5176215922152,15.751854669447585,48.020345755906646,5.669228274899842
1585,4.402778,358.464124347714,15.762668344212347,48.12701095268805,5.640823088151302
1586,4.405556,358.4708898566533,15.791591441029148,48.204760073444575,5.6891789716303
1587,4.408333,358.47059070025693,15.827033651681042,48.4585654485178,5.287518761618015
1588,4.411111,358.47029137043324,15.862506368965331,48.71746566589866,4.882102468819076
1589,4.413889,358.4671233290382,15.89020506274219,48.78491334988783,4.952064175107266
1590,4.416667,358.463955205631,15.917913024497892,48.85234306401851,5.02202497309476
1591,4.419444,358.46078814064134,15.945620265276023,48.9197300173296,5.0919574340996245
1592,4.422222,358.4580396093439,15.976494583453789,48.98251866871928,5.138133620002501
1593,4.425,358.45529096245906,16.007411462167227,49.045255243270944,5.184332239378515
1594,4.427778,358.45254220004745,16.03837097585491,49.10793918066945,5.230552142473053
1595,4.430556,358.44131549772663,16.047769488538588,49.21283782567076,5.259397324386436
1596,4.433333,358.43917011471416,16.078352583633556,49.32113249063083,5.241387056833725
1597,4.436111,358.4370239591621,16.108957903985026,49.429471113961625,5.223392603900779
1598,4.438889,358.43144746206127,16.132892399539582,49.518291649751234,5.257998148304695
1599,4.441667,358.42291113326803,16.152725478167827,49.60862256913914,5.298905303501636
1600,4.444444,358.4143781626513,16.17255912758369,49.698829408528965,5.3398871432058765
1601,4.447222,358.4177926289187,16.19622261446408,49.80622200228245,5.328819037193343
1602,4.45,358.421207127647,16.219887999864337,49.913770722953686,5.317509852401942
1603,4.452778,358.42462165878254,16.243555274793135,50.0214744506617,5.305959725747956
1604,4.455556,358.418444418646,16.25811620269619,50.107694653816935,5.354161379715832
1605,4.458333,358.41408031520245,16.276124566151612,50.174484030990925,5.418664905829553
1606,4.461111,358.4097148806308,16.294140991804383,50.24130406818851,5.483212422718571
1607,4.463889,358.4474200011901,16.35138129167696,50.33037217550999,5.507512081364061
1608,4.466667,358.4523953333589,16.353678540025562,50.410954129463974,5.568669933003948
1609,4.469444,358.4573698677958,16.355982007801668,50.49141600469399,5.630023854070307
1610,4.472222,358.44817629738,16.40978885984002,50.62835135917821,5.548930422260854
1611,4.475,358.57219776815066,16.901702536647424,50.36526527970224,5.627481865474602
1612,4.477778,358.69519530987617,17.395329734433385,50.09945260738992,5.705971894421014
1613,4.480556,358.69309458739275,17.413100322657044,50.17121913325249,5.7681194941414535
1614,4.483333,358.6909950173729,17.43086867976341,50.24308145896305,5.829962390791978
1615,4.486111,358.68889508759486,17.448647598743605,50.315091130001974,5.891543373128483
1616,4.488889,358.69285388648035,17.46827706318908,50.403778175760635,5.932595615735805
1617,4.491667,358.6968127771629,17.487910827894993,50.49244891519972,5.9737291551691225
1618,4.494444,358.7007703344248,17.507541819168512,50.58107065713729,6.014927914430766
1619,4.497222,358.69621037950594,17.526662740388378,50.68611810689454,6.066002170949462
1620,4.5,358.69357857368334,17.549884283016777,50.75844792260355,6.126287335268961
1621,4.502778,358.69094707743227,17.573109751359922,50.83073949286073,6.186685651679936
1622,4.505556,358.6889434939211,17.574906026975224,50.92120391005034,6.24487654631467
1623,4.508333,358.6858205807234,17.605700051103224,50.987221279593115,6.308308262291311
1624,4.511111,358.68269606307996,17.636500208183854,51.05349343932696,6.371225798968505
1625,4.513889,358.72076066673844,17.65606015040748,51.11487637916484,6.460579237337592
1626,4.516667,358.72487585937307,17.66461406339317,51.2033989231919,5.547848141261303
1627,4.519444,358.7289896809192,17.67316679564115,51.291889929185885,4.61316495874531
1628,4.522222,358.7183998661838,17.675706679100305,51.40177924259123,4.570879698493682
1629,4.525,358.7250028317809,17.683941964307714,51.50239496295751,4.6675334750278505
1630,4.527778,358.73160601886525,17.692178194319872,51.602949001392076,4.764473381619668
1631,4.530556,358.74374729381935,17.69482540168302,51.69316945543251,6.816951122717734
1632,4.533333,358.74912034072634,17.699105585652877,51.77726633604286,6.015460298946218
1633,4.536111,358.75449645249523,17.70338946223014,51.86142573744691,5.194160864265742
1634,4.538889,358.75920976655436,17.71037252290591,51.95048484955777,7.042137168087917
1635,4.541667,358.4884760177781,16.719739803533695,52.75054958011427,5.412315106019554
1636,4.544444,358.49092902591906,16.739396386678308,52.83834319641977,7.193791836000306
1637,4.547222,358.4942509275377,16.742575040043217,52.94369315237084,6.465457590328532
1638,4.55,358.49757287176465,16.74575483691255,53.04896026711036,5.719320898927412
1639,4.552778,358.7895546074229,17.784444218985296,52.397282742555916,7.405601045438557
1640,4.555556,358.79341670620073,17.79488960833522,52.4900991462508,7.482912889266812
1641,4.558333,358.7972771053221,17.80533704151804,52.582739556082814,7.560359516218208
1642,4.561111,358.7737691248895,17.856830408428653,52.619057974000555,7.663534118751036
1643,4.563889,358.78389903731545,17.878418042750905,52.73152477859624,7.658720125162551
1644,4.566667,358.79402801798545,17.900013175489658,52.84431198745516,7.65327891002182
1645,4.569444,358.7852615408769,18.076640075735675,52.82541037330289,7.7039739820192406
1646,4.572222,358.78144536778416,18.09023470101425,52.885277681849914,7.809187273464618
1647,4.575,358.7776294292861,18.103835672735634,52.94515939269637,7.914243860390043
1648,4.577778,358.7836959093002,18.13769782166936,53.051815902606606,6.566933192389557
1649,4.580556,358.7444710394097,18.144431045943442,53.12835755511185,7.344520998719316
1650,4.583333,358.70525897412597,18.151156697817914,53.20487179838577,8.096920971540387
1651,4.586111,358.6858047004287,18.14498468326865,53.322440051995386,8.167003105425293
1652,4.588889,358.6922730349256,18.158472438250488,53.42842363811128,8.192029302196572
1653,4.591667,358.6987414748982,18.171964670017232,53.534578350961624,8.216659820884415
1654,4.594444,358.6804160490356,18.167661128607087,53.61634975751116,8.351713636111453
1655,4.597222,358.6747682486436,18.180963706941977,53.67473975026965,8.47797459362368
1656,4.6,358.66912070943175,18.194271852150248,53.733155824239915,8.604114249655042
1657,4.602778,358.64786441788624,18.194043073399143,53.785809447575275,8.736970395047651
1658,4.605556,358.59323494438365,18.140412429448666,53.85543158365033,8.916626793264756
1659,4.608333,358.53862337373533,18.08673221052918,53.92498546070729,9.096349021074102
1660,4.611111,358.44992860718986,17.827239350819234,54.21025563780604,9.16856999215367
1661,4.613889,358.3608914982224,17.568081866521577,54.494924836322056,9.240592443293794
1662,4.616667,358.27151027658647,17.309257402352685,54.77899293931591,9.312413610063343
1663,4.619444,358.27109719850006,17.330839668010658,54.855132895912504,9.414132291016509
1664,4.622222,358.27068374065936,17.3524325270477,54.931347288780415,9.515762831917874
1665,4.625,358.27027005184686,17.374028205685377,55.00760824457319,9.617264530694664
1666,4.627778,358.26492479486933,17.41335425208405,55.020064085484634,9.693296281990152
1667,4.630556,358.2660089872584,17.440600678745366,55.08986071400193,9.82436151900867
1668,4.633333,358.26709263591397,17.46784236345831,55.15966600579537,9.95535849102472
1669,4.636111,358.2649170808048,17.497898556953672,55.23161504496245,10.05003622945261
1670,4.638889,358.26274174698665,17.527963482337103,55.30357848940676,10.144631849161835
1671,4.641667,358.2605666344871,17.55803713156954,55.37555575880408,10.239141526747398
1672,4.644444,358.2731637639741,17.594593048154433,55.46756421712887,10.303851891142417
1673,4.647222,358.28228313450904,17.639071128862575,55.53704500315034,10.378303380956973
1674,4.65,358.2914123833931,17.683530362440933,55.60655521548561,10.452698483199041
1675,4.652778,358.29857563760146,17.705520604759386,55.69530159946767,10.582091972774299
1676,4.655556,358.31224599522886,17.756714398198564,55.74639682362964,10.687939180303369
1677,4.658333,358.3259100540865,17.807926327839432,55.7974891949079,10.793618856808438
1678,4.661111,358.41217441743316,18.12214467846661,55.645507831366686,10.913113932829466
1679,4.663889,358.4980307979628,18.437155856973988,55.492357763860014,11.032447417774295
1680,4.666667,358.5834817970569,18.752964307757754,55.33803687956575,11.151615029258798
1681,4.669444,358.58617852048656,18.777186473383768,55.435830980981905,11.201772222725173
1682,4.672222,358.5888759848679,18.80142363040387,55.533743363298996,11.251692197512336
1683,4.675,358.59157321904127,18.82566705584005,55.63173793109749,11.301355114532344
1684,4.677778,358.5923120788387,18.857588539791085,55.70717469823336,11.392947667120291
1685,4.680556,358.59305000157036,18.88951941787493,55.78257526027845,11.484589491567933
1686,4.683333,358.59378672220333,18.92144818526634,55.85791186577863,11.57624379470249
1687,4.686111,358.59200873174876,18.955722750686196,55.91817705552374,11.686497098317654
1688,4.688889,358.5902305067788,18.990007836751342,55.97844134853058,11.796626800530047
1689,4.691667,358.588452047497,19.024303435692087,56.038704327445245,11.906628630688777
1690,4.694444,358.5798651083108,19.053603719732806,56.136319110591,11.951051681263772
1691,4.697222,358.5712747904309,19.08292469734219,56.23412742536587,11.995178958556659
1692,4.7,358.5843351867171,19.140851039013445,56.322801043993664,12.007081314920091
1693,4.702778,358.5837771656694,19.17294496906159,56.398747950581665,12.110230482490616
1694,4.705556,358.5832170298181,19.205050381882497,56.47467339788332,12.21344026497446
1695,4.708333,358.5867715398461,19.239476088884874,56.579939325152665,11.383574359335645
1696,4.711111,358.5892912222811,19.24894922747501,56.66101142892066,11.956229701354
1697,4.713889,358.5918101991665,19.258423921066072,56.74203398648011,12.508134699566314
1698,4.716667,358.5794806696539,19.270457383653703,56.84153855144805,14.202373346278973
1699,4.719444,358.5827619983171,19.3388564328914,56.883290645466474,13.156923243338065
1700,4.722222,358.5860431877253,19.407359582477667,56.92522729496895,12.102099371182282
1701,4.725,358.5936022808616,19.438781828758096,57.00529840433866,12.13463811533189
1702,4.727778,358.60116029060316,19.470208277816905,57.08536218655884,12.167639332115906
1703,4.730556,358.60871721708986,19.501638922417907,57.16541794962876,12.201104443607532
1704,4.733333,358.61107569307256,19.536866055688225,57.273182417751755,12.231013017283965
1705,4.736111,358.6134345217716,19.572111926280662,57.380865176457434,12.261265247923477
1706,4.738889,358.61579285372153,19.6073638377967,57.488426013130564,12.291849435826917
1707,4.741667,358.6190446337645,19.637218992170393,57.568242651299016,12.349734905623718
1708,4.744444,358.6093372415877,19.69203056511062,57.64712247902081,12.795674694144276
1709,4.747222,358.5996277461644,19.746811911164908,57.726410547136155,13.22105909008072
1710,4.75,358.5744003302507,19.770923427971308,57.81272854099542,13.287074032521206
1711,4.752778,358.549182713812,19.79504215669969,57.89904365940896,13.353056432787634
1712,4.755556,358.523974888219,19.819168085763803,57.98535498713461,13.419003614035171
1713,4.758333,358.51839803366386,19.860532295748207,58.07533437757665,13.475819485122651
1714,4.761111,358.512820497209,19.901921588030465,58.1652521563978,13.532830620265768
1715,4.763889,358.50724428798395,19.943321048234942,58.25507483239329,13.590014101531805
1716,4.766667,358.5152123088675,19.999733400374318,58.31655439508921,13.628037944692563
1717,4.769444,358.51831638443787,20.037039871808183,58.409412394525305,13.661784325613441
1718,4.772222,358.52142144324137,20.07436616243787,58.502417728054894,13.695210288917481
1719,4.775,358.52730704880133,20.109322494134723,58.59489515261835,13.742174926646621
1720,4.777778,358.5331894882555,20.144302826094,58.687229941094415,13.789284629246447
1721,4.780556,358.53906876249204,20.179307197448914,58.77942126539712,13.83653752847228
1722,4.783333,358.55628123656834,20.24577831307074,58.84186900035175,13.915003901989495
1723,4.786111,358.57349722994854,20.31227207764305,58.90427053446787,13.993554100589792
1724,4.788889,358.5907105391062,20.378764491078623,58.96660271708575,14.072156617936793
1725,4.791667,358.6066302773097,20.418148779621347,59.05400621925081,14.174435413175106
1726,4.794444,358.61594580229166,20.464496910403316,59.17409476995741,14.17222825958275
1727,4.797222,358.6252641693824,20.510869811636365,59.294541455535565,14.169571729213809
1728,4.8,358.6464220761521,20.555332186113763,59.380410926821966,14.205394231182696
1729,4.802778,358.63478591706394,20.61619842876857,59.438426612580315,14.284542434611984
1730,4.805556,358.6231483475882,20.677013306108105,59.496481096337575,14.363754722491448
1731,4.808333,358.6256364182331,20.760687768508962,59.53304499330946,14.44618030805905
1732,4.811111,358.6182706005121,20.794243907272367,59.62835754837353,14.490140541714945
1733,4.813889,358.6109124152522,20.827809210165892,59.72357665912277,14.53418872312447
1734,4.816667,358.6013508382458,20.86473930632585,59.82438942630344,14.560536783986104
1735,4.819444,358.59179221783063,20.901667823062386,59.925145778422475,14.586905378605296
1736,4.822222,358.58222967140256,20.938621341037138,60.0259168331376,14.613312454848602
1737,4.825,358.53653758002537,20.974042248197346,60.09748596333961,14.667477192211363
1738,4.827778,358.55733261044725,21.020296047789515,60.15804997345906,14.744587499187448
1739,4.830556,358.5781290247216,21.066563327892407,60.218627354841885,14.821583051965943
1740,4.833333,358.56915998128517,21.102915459479178,60.31229758413524,14.848015153962626
1741,4.836111,358.5696255770405,21.151210159821204,60.39901594459769,14.879514469613339
1742,4.838889,358.57009017230234,21.199511954741567,60.48561523954281,14.911178190292157
1743,4.841667,358.5657301887578,21.240244375510485,60.56707148396198,14.956299903406277
1744,4.844444,358.5613709607871,21.280973781974446,60.64850525492969,15.001386495475122
1745,4.847222,358.55700934916484,21.321729480203928,60.72997419664232,15.046468759599792
1746,4.85,358.55785182102795,21.355893135167534,60.821730760253814,15.092218745831
1747,4.852778,358.558693244058,21.39006093087778,60.91344991028856,15.138018844064332
1748,4.855556,358.55953361833014,21.42423285166309,61.00513056936913,15.183867270540519
1749,4.858333,358.56457429297166,21.474472807869805,61.067729564974115,15.280250745602848
1750,4.861111,358.55951072334744,21.513305486614023,61.12440581529289,15.33023812926845
1751,4.863889,358.5543552708857,21.546505605228553,61.201152629593,15.395476138028195
1752,4.866667,358.54919932177364,21.579711756154882,61.27781388163011,15.460821654155113
1753,4.869444,358.5440447323741,21.612911964068367,61.354361340198864,15.526248578273902
1754,4.872222,358.5534500490535,21.719063098276433,61.4643460286936,15.478778957159259
1755,4.875,358.55303125775487,21.76271064950836,61.5354979102496,15.527847373603285
1756,4.877778,358.55261124935697,21.806359968673625,61.606685968030206,15.57671823350839
1757,4.880556,358.5271561808002,21.84347774928088,61.65010130030059,15.67617846782334
1758,4.883333,358.50171315678006,21.880587814496206,61.69351749930165,15.775459068793888
1759,4.886111,358.4762638557314,21.91771683977384,61.73696548317032,15.8746280782166
1760,4.888889,358.4726625177512,21.95606468575648,61.77931558287089,15.929560207315257
1761,4.891667,358.45206957765913,22.000690427850344,61.84027148674997,16.01995118030456
1762,4.894444,358.4314850199427,22.045280388997337,61.901182750834536,16.11040036700149
1763,4.897222,358.336780771011,22.048978030246538,61.9747659004117,16.13383218891991
1764,4.9,358.12303340481475,21.29821288269983,62.620152550141086,16.656949854326896
1765,4.902778,357.90654622862576,20.551382783173565,63.25883320165879,17.194046059369875
1766,4.905556,358.0421009589624,21.147079937221903,62.88862579120163,16.97454241197738
1767,4.908333,358.1763612378717,21.745152299624046,62.514815663132765,16.75709478486535
1768,4.911111,358.3094384064044,22.346035102176312,62.137143569213364,16.541500985268307
1769,4.913889,358.30051690293516,22.225549105116635,62.20801151290726,16.807033471729966
1770,4.916667,358.30176460465555,22.273787359882647,62.233293087288445,16.917305225340826
1771,4.919444,358.30301165959776,22.32201054983533,62.25856277877965,17.027370678086186
1772,4.922222,358.0325459326771,21.745601821118537,62.6456445690642,16.95808207371777
1773,4.925,357.7623137812292,21.16658751695764,63.035542864831,16.88874837950219
1774,4.927778,357.49232632029856,20.58495859066493,63.42827756364511,16.819370793164417
1775,4.930556,357.49979260139116,20.63118730539379,63.45964793930803,16.97158501416741
1776,4.933333,357.50725635668863,20.677414329958616,63.49093558117214,17.124253548966465
1777,4.936111,357.514722961524,20.72367291354945,63.52216287199835,17.277480672858438
1778,4.938889,357.50979352836055,20.78407754255493,63.528587105196806,17.424227876882902
1779,4.941667,357.50486058753705,20.84449246149602,63.5350263769179,17.571012430208775
1780,4.944444,357.4999259149407,20.904895805205296,63.54147833029289,17.717775958342237
1781,4.947222,357.5200287866945,20.948883911294633,63.578689318286536,17.696797175685518
1782,4.95,357.4954003906261,20.982763714642424,62.67149482902971,19.08022215338159
1783,4.952778,357.47077348162173,21.016657097972647,61.73329528015438,20.47306560121607
1784,4.955556,357.4758227889013,21.075638154874714,63.657240354204475,18.317095073603447
1785,4.958333,357.46390775494353,21.10721775036704,63.697250699965934,18.411189501769144
1786,4.961111,357.45198865035576,21.13882139798638,63.73726497616458,18.505096352083896
1787,4.963889,357.42880624378734,21.169128756369798,63.7541491922637,18.640771293933263
1788,4.966667,357.4246104035348,21.2125074737814,63.78647550853724,18.785907992206702
1789,4.969444,357.4204161057142,21.255872029291698,63.818721169076255,18.931090106983568
1790,4.972222,357.4042119787427,21.283184504108235,63.852462435387196,19.031446057639528
1791,4.975,357.4079780292574,21.33209250790678,63.08935859522346,20.141200741683306
1792,4.977778,357.4117438112692,21.381008479036183,62.303609115051145,21.261509169462066
1793,4.980556,357.41551740609253,21.438199584097465,62.31817656683647,21.366006110276352
1794,4.983333,357.4206926355666,21.494042987702375,62.33635244550274,21.504224523137175
1795,4.986111,357.4258673214272,21.549927758689535,62.35453385190388,21.642373104909282
1796,4.988889,357.413432695279,21.58456816805326,62.388796278683245,21.75941576798462
1797,4.991667,357.24168932412624,21.554290587141566,62.38617572428549,21.90225121978775
1798,4.994444,357.0699633967822,21.524120966372145,62.38365046063194,22.044783208282574
1799,4.997222,357.10383295125325,21.716511531165704,62.40725726867156,21.994370295130516
1800,5.0,357.09513177604344,21.72791950677792,63.304600800072365,21.171128755748875
1801,5.002778,357.0864302030408,21.73933716256775,64.17075049449052,20.38215787983387
1802,5.005556,357.09147853617486,21.77664309340975,64.26945853670763,20.37187212205285
1803,5.008333,357.07766744347634,21.79134978615203,63.55710411800767,21.42159897386925
1804,5.011111,357.06385131404676,21.806070796353822,62.823600442155026,22.482196599697126
1805,5.013889,357.02617737004203,21.833411593466487,62.90388531618258,22.54115748327267
1806,5.016667,357.02640260179203,21.854290797339292,62.945856129259866,22.763724897612526
1807,5.019444,357.0194301241986,21.87373373450071,63.002402801019755,22.83084347701208
1808,5.022222,357.0057650465539,21.90894592646675,63.02393416863303,22.991563630294415
1809,5.025,356.9921003366486,21.944160096014862,63.04549618582159,23.152109508003015
1810,5.027778,356.9841833031831,21.958242351776754,63.075934296700396,23.302774768042042
1811,5.030556,356.98662314615086,21.97473259231426,63.13613440645048,23.443306813913004
1812,5.033333,356.9890637073755,21.991221033723715,63.1962090677801,23.584233732387275
1813,5.036111,356.996612427413,22.042784772234302,63.72241582860059,23.171074742294067
1814,5.038889,357.00416112707904,22.094337062034555,64.23747448016013,22.772226865934826
1815,5.041667,357.011709806206,22.14587785196268,64.7416050527494,22.387562741975295
1816,5.044444,356.97409565375875,22.1491891117061,64.73965748715337,22.600383608779858
1817,5.047222,356.9364693629186,22.15252849641205,64.7376452615365,22.813192434229848
1818,5.05,356.8988444598077,22.155894914151414,64.73556900437632,23.02590502925613
1819,5.052778,356.9286692505,22.199817964111915,64.76867294793144,23.167600826294503
1820,5.055556,356.928125063532,22.23760504375747,64.8007960887822,23.321440728998112
1821,5.058333,356.92758090302726,22.275389518489458,64.83283733035026,23.47520690207653
1822,5.061111,356.9513210167374,22.32172098333075,64.82626618461643,23.718415328913494
1823,5.063889,356.97506218990003,22.36806467196885,64.81963933546976,23.961681763745105
1824,5.066667,356.9988044212767,22.414420558236344,64.81295687204911,24.204993483775404
1825,5.069444,357.1509009951504,22.517662950761135,64.81162040471278,24.46136018013214
1826,5.072222,357.1333777181062,22.544756325397138,64.13898642612428,25.32755508245546
1827,5.075,357.11585641209433,22.571860447363335,63.4441786968888,26.209412587922372
1828,5.077778,357.11642118951437,22.620356222227606,64.8536089403438,24.976137202330122
1829,5.080556,357.17013144547104,22.65396168578596,64.90544579985045,25.148553002534733
1830,5.083333,357.2238127897766,22.6876014019142,64.95723161596173,25.321039818233288
1831,5.086111,357.1994111919323,22.707479209261006,64.99604220623169,25.482350282748506
1832,5.088889,357.2028009385158,22.719829749593313,65.06935228865983,25.60399410722995
1833,5.091667,357.2061904864217,22.732196231892043,65.14264075743131,25.72584157728233
1834,5.094444,357.0738820069748,22.71598038133242,65.16660839696141,25.833925760100584
1835,5.097222,357.0786935964061,21.456743117880826,67.18774634691964,25.30777696732339
1836,5.1,357.0835080773861,20.23328628295023,69.15029593142263,24.804234871863017
1837,5.102778,357.0996415195613,22.880161591969376,65.19628808066707,26.328157837496242
1838,5.105556,357.16612375669627,21.661672396123233,67.23769991164556,25.777054862619757
1839,5.108333,357.2325904036584,20.479050904371064,69.21880914582437,25.250408331062303
1840,5.111111,357.2395050156342,20.519318466258234,69.24612760835075,25.448239298868515
1841,5.113889,357.24641961465255,20.5595959342963,69.2734106044229,25.646024253350284
1842,5.116667,357.25333420095586,20.599883284880253,69.30065801874453,25.843752536092836
1843,5.119444,357.2639299135045,20.662905939365825,69.30993416233491,25.98860963053808
1844,5.122222,357.2745275686435,20.725981707635096,69.31917497439645,26.133295800756912
1845,5.125,357.2851233511315,20.789087830481748,69.32837701972166,26.277753854023274
1846,5.127778,357.28815135010757,20.841817672057665,69.36622384552703,26.420716639346395
1847,5.130556,357.29117895906364,20.894550761204485,69.40410360072453,26.56394343379602
1848,5.133333,357.2942050883757,20.947268041190913,69.44200232367447,26.707376044571213
1849,5.136111,357.3090194537395,21.006855789984286,68.44672205432312,27.622371935471563
1850,5.138889,357.7428722389274,22.906700851791243,67.51407006765135,27.439410320500805
1851,5.141667,358.16977648748446,24.80972576075243,66.56209790447714,27.27348113306053
1852,5.144444,358.3289159737603,24.937939040890136,66.65683174073796,27.3225380330216
1853,5.147222,358.24216784612247,24.955943999826573,66.55659604183921,27.70934308546793
1854,5.15,358.1553942249572,24.974015876286153,66.45652651335197,28.096161482900506
1855,5.152778,358.23196600647174,25.061045437560345,66.50966721058772,28.24379327493613
1856,5.155556,358.22452904972863,25.102143664004153,66.55945826492324,28.35174378932981
1857,5.158333,358.21709488904236,25.14320134984424,66.6092670003576,28.459406517051
1858,5.161111,358.0471685243415,25.105850397913805,66.89953776477209,28.07087536425238
1859,5.163889,357.7747095603069,24.01267808009584,67.82181297908824,28.16362122130201
1860,5.166667,357.4968712687071,22.930506897978958,68.7276784653727,28.256207786153027
1861,5.169444,357.7544117217558,26.144172498503863,64.74774717840015,29.478049444809635
1862,5.172222,357.35372287241955,25.293134673633055,65.30952546312948,29.57592975822712
1863,5.175,356.9535268995851,24.435853516361306,65.87790280239594,29.674006578004075
1864,5.177778,356.96436128665397,24.523118058731455,65.91841952439272,29.780756958054887
1865,5.180556,356.9715798650004,24.605895352568112,65.93630069893152,29.84552169167423
1866,5.183333,356.9619455016461,24.666200818062634,65.96960785576081,30.033351767346076
1867,5.186111,356.95135867137196,24.73001196129419,66.04703864399471,29.602284625336942
1868,5.188889,356.9407842440373,24.793859212794274,66.12818565004072,29.172782080862405
1869,5.191667,356.93683678859577,24.8601001676735,66.41842065768107,28.83634444818184
1870,5.194444,356.93288902016326,24.926350881948956,66.70900163665544,28.499606160574082
1871,5.197222,356.9289380961541,24.992658954824584,67.00011224626404,28.162350815573284
1872,5.2,356.91456983913196,25.04203092056911,67.8574529722251,27.142516985383935
1873,5.202778,356.91261575925273,25.139145674660583,68.08320728674997,26.90178356615956
1874,5.205556,356.91065867493114,25.23616503321565,68.30995424361478,26.660465801770712
1875,5.208333,356.8939125851803,25.29918214954577,68.52204852230615,26.35907557422511
1876,5.211111,356.87790040544155,25.359378918484396,68.72675801473653,26.095403015784278
1877,5.213889,356.86188728036626,25.41959314875367,68.93246378062855,25.830717287627323
1878,5.216667,356.76410022349654,25.467542670302258,69.04110082315452,25.707390619738348
1879,5.219444,356.7365314922943,25.52201249652122,67.69414443560991,28.49610904801812
1880,5.222222,356.70895349476183,25.576592755689646,66.39159455322107,31.239255291782534
1881,5.225,357.47724111366705,27.437058904410684,65.4618198452388,31.154811767348058
1882,5.227778,357.45573871547543,27.5005951009499,65.63492169332905,30.584904652205786
1883,5.230556,357.43423759506356,27.564143257124407,65.81523855806465,30.01225621209131
1884,5.233333,357.41168801046007,27.664970063264413,65.74887535358972,30.234440748678878
1885,5.236111,357.4051586998324,27.768590335016505,65.71074574728446,30.482057507275478
1886,5.238889,357.398621649757,27.87228257210093,65.67214358262882,30.73093538715373
1887,5.241667,357.36465358723393,27.9531596336774,65.64382404948289,30.9637705450721
1888,5.244444,357.36615537835513,28.029155585361856,65.63017968866895,31.218064801508
1889,5.247222,357.36765677219023,28.105183975858587,65.6161162393336,31.47383591659861
1890,5.25,357.3691040661693,28.196422127305276,65.58776580024423,31.689706088711112
1891,5.252778,356.9698255694657,27.401500565356535,66.0729352170107,31.954000553134925
1892,5.255556,356.57106283535825,26.601333827133672,66.56336329417776,32.220670363739444
1893,5.258333,356.81577717424386,27.259314774191814,66.24869477815018,32.338616445196905
1894,5.261111,357.06095522230993,27.913963432523936,65.93773999676061,32.45671327373654
1895,5.263889,357.3064986022863,28.565054308453263,65.63059044529511,32.574913701942826
1896,5.266667,357.2806926023259,28.620659383014143,65.64534313171151,32.69980764007772
1897,5.269444,357.27466812839305,28.739074439638713,65.68795971343974,32.73200099231878
1898,5.272222,357.26863976524663,28.857103197460496,65.7310697335684,32.7639404552583
1899,5.275,357.25541611417384,28.931873564521545,65.78430976304556,32.7571069592967
1900,5.277778,357.2410322578664,28.99752143932143,65.86535187368186,32.71972502934962
1901,5.280556,357.22664714164887,29.063180917179302,65.94661624657756,32.68204249663018
1902,5.283333,357.165696331976,29.092487392661504,65.98388932406476,32.75803329724839
1903,5.286111,357.1585498762883,29.13822256468253,66.00897329102813,32.87186127564412
1904,5.288889,357.1514019888337,29.183979528124915,66.03394175794377,32.985680079319124
1905,5.291667,357.1463913541471,29.25514300410059,66.06245636940594,33.09508098117921
1906,5.294444,357.13283672365606,29.31552465009876,66.08526598393516,33.17847893346121
1907,5.297222,357.11927501924356,29.375955386571874,66.10802005452753,33.26206097224458
1908,5.3,357.08835783129155,29.435698913954603,66.1357161225,33.35593384783508
1909,5.302778,357.05743796171276,29.49545452741581,66.16336004502719,33.44974447322228
1910,5.305556,357.02651542899685,29.555222103588,66.19095157291524,33.54348971270384
1911,5.308333,356.9380635515644,29.5784943284442,66.21921429299218,33.68667839335371
1912,5.311111,356.9272960503694,29.694930585743627,66.20167562077725,33.75605942624188
1913,5.313889,356.9165276411548,29.81130456248342,66.18430203509207,33.825198984775184
1914,5.316667,356.8976887770399,29.89404415108155,66.18655166889943,33.92411240127893
1915,5.319444,356.9213620418014,30.00207515356807,66.18377074298043,34.00963370349003
1916,5.322222,356.9450352025025,30.11019434497949,66.18090166641694,34.09519968346065
1917,5.325,356.928339911052,30.009574673632997,65.9950321905704,34.880019777840346
1918,5.327778,356.9120184220066,30.066829801498805,65.88774101348908,35.424075657709686
1919,5.330556,356.8956947215025,30.124123231093684,65.78119480067329,35.9699026221257
1920,5.333333,356.8826272453348,30.18310955024537,65.7920445900859,36.06123470440466
1921,5.336111,356.86955340611587,30.24215538091847,65.80284664157361,36.15252608784243
1922,5.338889,356.8449326476576,30.310920996156284,65.80466652251461,36.258451621418686
1923,5.341667,356.8124339590545,30.362625477181965,65.84749244584665,36.32354551414683
1924,5.344444,356.77994269058127,30.414325350955203,65.8902601016173,36.388652129772424
1925,5.347222,356.74022880904647,30.467144298342248,65.9316894499053,36.454851235243154
1926,5.35,356.73575939178363,30.539393350651153,65.97913981914593,36.46500607400879
1927,5.352778,356.7312850256831,30.611649542652643,66.02669678616157,36.47495455179116
1928,5.355556,356.72749646885956,30.719454191026465,66.03972601512764,36.52805063966132
1929,5.358333,357.6198709351343,31.227889847229434,65.813924384029,36.82314368092663
1930,5.361111,358.51193465838764,31.734109213492836,65.58675562667587,37.118229937811414
1931,5.363889,358.49894495145406,31.814769441231746,65.58974659936791,37.17893881032096
1932,5.366667,358.4860472866083,31.956200639632634,65.65710831013678,37.12314631171511
1933,5.369444,358.4731559036653,32.096788193998265,65.72574006705722,37.06687546276367
1934,5.372222,358.4536106649086,32.142604860117025,65.75935004571917,37.178849734370466
1935,5.375,358.43120887831265,32.216468426535485,66.06601247365353,36.954403218543234
1936,5.377778,358.4088113637871,32.29030912840379,66.3697837345987,36.73432911748787
1937,5.380556,358.4066590433733,32.3392128039849,65.90190420141822,37.26532360488002
1938,5.383333,358.3946550343011,32.42210213625158,65.9239217475328,37.31853499260804
1939,5.386111,358.3826384115453,32.50506759632546,65.94587460003109,37.37173280390803
1940,5.388889,358.3783573422739,32.58474499575402,66.01148535446754,37.40131604060922
1941,5.391667,358.3543792178888,32.66606410577878,66.04427112107321,37.44246158151509
1942,5.394444,358.33040878573144,32.74732817231702,66.07704381191769,37.483703139019674
1943,5.397222,358.30799344256843,32.78684822895581,66.07152312118843,37.60488511876004
1944,5.4,358.2855761351707,32.826485949455815,66.0658613809812,37.72604784058665
1945,5.402778,358.26315687299365,32.86624186699974,66.06005806633013,37.84718915979238
1946,5.405556,358.2490678372748,32.982679767728655,66.16953862988076,37.76091272507187
1947,5.408333,358.2247024166932,33.09947535864832,66.15372316634736,37.803523057486004
1948,5.411111,358.20032937948275,33.216486954138254,66.13782163558098,37.84607266882693
1949,5.413889,357.00227679753124,32.7758545160402,66.17231876720227,37.83703618634589
1950,5.416667,357.00207062348426,32.90905279712949,66.40052568759435,37.643040332072
1951,5.419444,357.00186045314933,33.04199110915467,66.62684484174822,37.452265752369776
1952,5.422222,359.7270832934568,34.44611140423549,66.29915642974055,37.79471065978986
1953,5.425,359.7276970203683,34.5424634454282,66.3303013581817,37.81414813190937
1954,5.427778,359.72831055874246,34.63880124369984,66.36149032873912,37.83350457289698
1955,5.430556,359.728087316652,35.19231032708706,65.98694212796269,37.871620637239126
1956,5.433333,359.72750401813107,35.74839069430039,65.60932314819274,37.909654919118054
1957,5.436111,359.72656474088495,36.30740983496665,65.22839824784417,37.94763366693209
1958,5.438889,359.66870852266584,36.404277921031614,65.51697229398772,37.7417507664158
1959,5.441667,358.04069172545957,35.71937449741063,65.41766584652778,37.91637992000719
1960,5.444444,356.41110814118224,35.02929239280035,65.3182095609885,38.09040048907476
1961,5.447222,356.3975718284411,35.120713269255525,65.40137406194111,38.01168356985982
1962,5.45,356.3839735106084,35.21960813357406,65.46335707373939,38.01053818209178
1963,5.452778,356.3703655963243,35.318419333971775,65.52535914705557,38.00958722787525
1964,5.455556,356.38710673463686,35.43796193839003,65.5707718736571,38.05598990692091
1965,5.458333,355.8144743041932,33.91802508637674,66.7204616699185,38.00563970392774
1966,5.461111,355.2353475203985,32.38379654223434,67.87782225412356,37.95565411498451
1967,5.463889,355.570169070645,33.50001447083811,67.16270641570479,38.096540568356254
1968,5.466667,355.9002887905506,34.6080857608635,66.45117741378944,38.23708079320026
1969,5.469444,356.2256515926788,35.707440814652145,65.7437267341063,38.37722134239225
1970,5.472222,356.1512004562787,35.73353222670073,65.77873704415553,38.412964608856875
1971,5.475,357.8841846473293,36.62117893192161,65.83141552644543,38.42159100818162
1972,5.477778,359.61497553977875,37.500915543889946,65.8842271856295,38.42999568291604
1973,5.480556,356.1261208663177,35.941734330572665,66.11546258217854,38.207586031300316
1974,5.483333,357.9041089702836,36.842687811499545,66.19069346046129,38.19817075011317
1975,5.486111,359.68048873025265,37.737571451921575,66.26593376431437,38.188657570060215
1976,5.488889,356.0540588270994,36.06941476805985,66.33842592186446,38.25764780825316
1977,5.491667,357.8322131215272,36.98240690897545,66.37411201668526,38.3389865852166
1978,5.494444,359.60684697503876,37.88894835223834,66.40975904363239,38.42043958891021
1979,5.497222,355.9906081272263,36.30316436195168,66.36743454880828,38.4989408686653
1980,5.5,359.54551376731257,38.130417045660266,66.29826689678997,38.6314270803768
1981,5.502778,359.50931056499417,38.22468547536298,66.23229349058589,38.765004397654494
1982,5.505556,359.4730778008743,38.318997988503,66.16633731597568,38.898237229394255
1983,5.508333,359.43682846719446,38.413319996339794,66.10042280717441,39.0310755776799
1984,5.511111,359.28226588437985,38.516832069502584,66.143045275942,38.98543481700001
1985,5.513889,359.127791544727,38.61940465746356,66.18703174139931,38.939188467819335
1986,5.516667,358.97340531710654,38.72104198985727,66.23237508600661,38.89233708826678
1987,5.519444,355.72863733731725,37.26241983757345,66.25735385954074,38.958791193435445
1988,5.522222,357.4322962170895,38.16217324980454,66.29021251249277,39.00550647422797
1989,5.525,359.13303865282353,39.0557606014586,66.32297475399439,39.05240716530875
1990,5.527778,359.1345119264305,39.14877641187251,66.35744378056697,39.11083420523751
1991,5.530556,359.1359810225717,39.24175902436467,66.39192123212449,39.169259164484494
1992,5.533333,359.13744541570145,39.3346746923408,66.42639408272032,39.22765878256344
1993,5.536111,358.26252096371405,39.002382144284816,66.45984391197399,39.27011649297806
1994,5.538889,357.387125756559,38.667503825693274,66.49338206843623,39.31248975378429
1995,5.541667,356.5113249447124,38.33005401525231,66.5270082296736,39.35477732213945
1996,5.544444,356.86803614240097,38.496116427788365,66.52675707296547,39.50027140651632
1997,5.547222,357.2248976722266,38.66147524292582,66.52654164962985,39.645620390710434
1998,5.55,357.581783509899,38.826072009030874,66.52636223751826,39.790770603197906
1999,5.552778,357.56943160543955,38.95406481008369,66.76337693079608,39.649867142777474
2000,5.555556,358.29410361147757,39.37093549094396,66.76693211609403,39.70060923703727
2001,5.558333,359.01804395987324,39.78623038763637,66.77073090368435,39.75084201968594
2002,5.561111,359.08525678115814,39.86606524182234,66.81319478850811,39.814595670566355
2003,5.563889,359.0566647263827,39.95520227590539,66.81372087852401,39.87858301694175
2004,5.566667,359.0281186808965,40.044374951762144,66.81425255217233,39.94239207247961
2005,5.569444,359.0092334058312,40.09413001019215,66.84510241512835,40.01760048903743
2006,5.572222,358.97075708907994,40.20133487277151,66.79074840293414,40.14920851644038
2007,5.575,358.93227501863095,40.30864853368766,66.73636440568144,40.28092155883647
2008,5.577778,358.9167411277922,40.392837391614925,66.74535897725248,40.35215430085265
2009,5.580556,358.90120429252,40.47704444741632,66.75440052845188,40.42327584740629
2010,5.583333,358.8856701136379,40.56123910683189,66.76348573684598,40.49425862597974
2011,5.586111,358.8732655755192,40.6458251774629,66.7642872532472,40.56071239085987
2012,5.588889,358.86723754041424,40.69982651538141,66.8008960463773,40.62827174393214
2013,5.591667,358.86120942546273,40.75383364638167,66.83753561310982,40.695786498985825
2014,5.594444,358.8719343058541,40.832561131874265,66.84565403709615,40.83968528117579
2015,5.597222,358.9336027704455,41.04334004309164,66.7768642155922,40.912351268358
2016,5.6,358.99518999013816,41.254159967405705,66.70793191730311,40.98502104857465
2017,5.602778,358.9900331875005,41.343490262770565,66.78277080937754,40.98439560988255
2018,5.605556,359.02788354123606,41.40188304396607,66.83733277947346,41.051260031453616
2019,5.608333,359.0657368123211,41.46025414477957,66.89187898736839,41.118132455374706
2020,5.611111,359.04273240897203,41.53969188522563,66.888543349621,41.19229625371651
2021,5.613889,359.110128306699,41.6391531422405,66.90430942522784,41.29479077800608
2022,5.616667,359.177526988991,41.738630857707186,66.92009849503158,41.39712262328125
2023,5.619444,358.15947956161756,38.69915034975382,69.06559983617068,41.43776181828342
2024,5.622222,358.1805836959029,38.776739582465346,69.09133047466013,41.4980628962785
2025,5.625,358.20169146568986,38.85433307347155,69.11706932109288,41.55818950244795
2026,5.627778,358.125573280185,38.89828882517922,69.14063962615846,41.6352445419046
2027,5.630556,358.0494773686957,38.94219189175404,69.16426130158649,41.71229142433424
2028,5.633333,357.9734310816811,38.98602627837324,69.18792553931891,41.78929996198792
2029,5.636111,357.9550844353198,39.06158228203939,69.2012885559514,41.88673463219195
2030,5.638889,357.93673537595083,39.137122009181816,69.21471006099469,41.984070613101224
2031,5.641667,357.91838390775206,39.212645216461546,69.22818991755554,42.08130445701025
2032,5.644444,357.89420920750376,39.27451056224705,69.25413953140794,42.19990508773369
2033,5.647222,357.8901765258158,39.40266968771922,69.2620986497635,42.22016674622568
2034,5.65,357.88614506070746,39.5307051806659,69.27041263985606,42.24031245885098
2035,5.652778,357.87497961207504,39.62811061973124,69.27253934380497,42.33489328703032
2036,5.655556,357.83338962331396,39.73639623578623,69.32677657770417,42.33128629399508
2037,5.658333,357.95579500636825,39.89016615416884,69.32028855741993,42.44449344786189
2038,5.661111,357.95913944971835,39.98721392493282,69.32455880674782,42.520232216525756
2039,5.663889,357.96249075105703,40.08425770699458,69.32887062856047,42.595839224953544
2040,5.666667,357.98297377319716,40.1625648537601,69.27015288089454,42.76951725243445
2041,5.669444,357.9752523120937,40.23686218170085,69.26980580849462,42.87347316145731
2042,5.672222,357.9675254243022,40.311228673122585,69.26942073972043,42.97737337855604
2043,5.675,357.9246793824064,40.355845255606226,69.27354715863004,43.0881129924749
2044,5.677778,357.91079191952076,40.407945805912696,69.32403201023293,43.20887986304578
2045,5.680556,357.89690512680875,40.46006716276926,69.37414741997375,43.33029585639485
2046,5.683333,357.89480442585347,40.51069834936811,69.4122761533302,43.41163479549875
2047,5.686111,357.86450213043264,40.570221704247594,69.45133204295996,43.3693458715911
2048,5.688889,357.8342053590832,40.629741230800626,69.4908041055575,43.32650220510933
2049,5.691667,358.0416830299826,41.122505789031386,69.29603586371763,43.42118692035832
2050,5.694444,358.2491937614183,41.61248871122904,69.10403609900953,43.51587885788679
2051,5.697222,358.4568806773651,42.10006471899976,68.91463807405896,43.61064332249178
2052,5.7,358.3943197513985,42.09878703027758,68.95365987923071,43.70850393225838
2053,5.702778,358.0545472945645,41.50654217837712,69.30366617250422,43.787145834370826
2054,5.705556,357.71448228705555,40.909795013721045,69.65784888465903,43.86569101304282
2055,5.708333,357.91552803930864,41.45231363836596,69.50199883611056,43.88280109063807
2056,5.711111,358.1165516053541,41.99011933214859,69.3511987111734,43.899680495302576
2057,5.713889,358.3174745173031,42.52309590383918,69.2054170516786,43.91632136340138
2058,5.716667,358.325748284945,42.42880713528034,69.07988205643957,44.33730500627846
2059,5.719444,358.3097757592551,42.487948517772146,69.08605350769218,44.43670269911978
2060,5.722222,358.2937998130429,42.547114728737014,69.0922332763148,44.536110426756096
2061,5.725,358.10665869642634,42.540089976793354,69.08698705164417,44.662108806374846
2062,5.727778,358.0945157908002,42.648233606046055,69.03216303795755,44.787578105377584
2063,5.730556,358.0823759901012,42.75644185918208,68.97733443890284,44.91294889861537
2064,5.733333,358.0722920005457,42.84442887183754,68.98159224430027,44.96128509920033
2065,5.736111,358.06220803876244,42.93243802669536,68.98587642178201,45.00952865621859
2066,5.738889,358.0521277399009,43.020437334825,68.9901853918627,45.05766120432734
2067,5.741667,358.07476807498614,43.096130900226555,69.05098355520694,45.14314188880942
2068,5.744444,358.1234590961846,43.174669342907194,69.05381919533534,45.22019810413645
2069,5.747222,358.1721585444099,43.253198739304054,69.0567785617351,45.2969670712046
2070,5.75,358.18382453681534,43.31063620339645,69.07351966477471,45.37054382180869
2071,5.752778,358.16154061510105,43.35913592189163,69.08317057110123,45.54031566515449
2072,5.755556,358.13925721054835,43.40762865940545,69.09281486862459,45.710566023407594
2073,5.758333,358.1619011266322,43.46585318701794,69.10751999721786,45.693158689920736
2074,5.761111,358.1534764245598,43.553799903151365,69.08247501816238,45.880835437320705
2075,5.763889,358.14504968340975,43.64167231685463,69.05751505151987,46.069024305688856
2076,5.766667,358.16081631568574,43.68595868572847,69.09281811871311,45.999749330632824
2077,5.769444,358.1573164113852,43.7340719702739,69.11520407681115,46.18160701758436
2078,5.772222,358.1538159502688,43.78219667339682,69.13759638718305,46.36439519149055
2079,5.775,358.1303420436339,43.81843371296006,69.14655295846121,46.68315454264021
2080,5.777778,358.10686658119755,43.854665391362786,69.15551526530045,47.00064735019283
2081,5.780556,358.0833895656676,43.89089165995972,69.16448326955928,47.3168495283083
2082,5.783333,358.0940430952417,43.96684454010394,69.19594645070644,47.34109202400644
2083,5.786111,358.08441744030256,44.02721284686321,69.20750930778978,47.1438386121334
2084,5.788889,358.0747913378822,44.08752458479546,69.21913851790477,46.945789141559516
2085,5.791667,358.0383566568378,44.12101062259526,69.21864638593608,47.1121486332868
2086,5.794444,358.00326837717,44.12650536950627,69.25724197397257,47.19437214357518
2087,5.797222,357.9681666603738,44.13202402182359,69.29579220315,47.276308760160404
2088,5.8,357.98256819197246,44.21555847728876,69.2702095266463,47.30373358373379
2089,5.802778,357.98359999688284,44.24935009687849,69.30727752644319,47.395259991685634
2090,5.805556,357.98462978290206,44.28315654565728,69.3443165537369,47.48687268899269
2091,5.808333,358.0594293437745,44.44685497365291,69.32547031146386,47.502576987516015
2092,5.811111,358.0041942888465,44.47675128548924,69.34552298662798,47.240560538337824
2093,5.813889,357.9489887039731,44.50666447786095,69.36554181478328,46.975109470144595
2094,5.816667,357.9390081632704,44.60705394348997,69.30036540290388,47.054359082501776
2095,5.819444,357.92903138112376,44.70746551469878,69.23520436885259,47.13362782446881
2096,5.822222,357.96658363080707,44.8598911323905,69.1687998147871,48.08138501537137
2097,5.825,357.9514325493782,44.892081741883054,69.16142962104381,48.33454267134661
2098,5.827778,357.9362831605876,44.92433864803932,69.15402085354184,48.58638875594663
2099,5.830556,357.29848178368076,43.74670715624517,69.72822700469368,48.41807554158008
2100,5.833333,357.3382678905038,43.82888060929823,69.716228329591,48.497589812205895
2101,5.836111,357.3780672834392,43.91107920645584,69.70423290082948,48.577118914977056
2102,5.838889,357.3634117857659,43.94603838703135,69.7158944985184,48.6756616026679
2103,5.841667,357.45799000205085,44.04316322959075,69.72074681969441,48.72981102547136
2104,5.844444,357.5525753529071,44.14019424954942,69.72559973435347,48.78379750190143
2105,5.847222,357.97707627670934,44.580829273218605,69.54443326541943,49.077422379683846
2106,5.85,358.4019472183351,45.01920295656908,69.36562668139946,49.370476989310916
2107,5.852778,358.8271769458769,45.455338508354664,69.18915163133785,49.66293722218992
2108,5.855556,358.8296003200678,45.50213019776403,69.19240690488544,49.11201992464372
2109,5.858333,358.8312031917979,45.54218912196281,69.20190388628293,49.56283328793245
2110,5.861111,358.83280671719683,45.58227114302685,69.21135983214363,50.009535642147036
2111,5.863889,358.63457326941847,44.872859830775845,69.77729149331047,50.01528706331222
2112,5.866667,358.5883310790005,44.908707814327926,69.78359990809246,49.73482121262348
2113,5.869444,358.54210318326335,44.94454585072605,69.78989232263521,49.45320410027759
2114,5.872222,358.525446214004,44.99940951618772,69.7757890958493,49.56164983486641
2115,5.875,358.5087885089814,45.05430440683977,69.7615920435312,49.670221382116914
2116,5.877778,358.49213006892876,45.10923040490333,69.74730134270914,49.77891641216115
2117,5.880556,358.38892599912606,45.09234062640814,69.77580151756551,49.814674478280935
2118,5.883333,358.34333887886265,45.08406109850179,69.86316885947888,49.789928898482614
2119,5.886111,358.29775590595176,45.075744113335055,69.95062530481246,49.765141150835
2120,5.888889,358.2935069927367,45.11439308356664,69.96904237793372,49.82771354593279
2121,5.891667,358.2892622923048,45.15304646680225,69.9874486644387,49.89034122389172
2122,5.894444,358.2850233278963,45.19169031583559,70.00583747116818,49.953000731558795
2123,5.897222,358.2741156731806,45.219328788110836,70.01247254727384,50.04002856584051
2124,5.9,358.2686162385211,45.24833698631944,69.97230766567662,50.15668431717363
2125,5.902778,358.2631167424203,45.27734833237316,69.93212711848918,50.27318221437399
2126,5.905556,357.8489555452754,44.8762020390363,70.0581607070082,50.27284981699324
2127,5.908333,357.86135403523525,44.93086047196219,70.0441102517015,50.336644361504156
2128,5.911111,357.8737563560957,44.9855453328922,70.03005757233426,50.40046449391492
2129,5.913889,357.8695665114032,45.02126679088159,70.02837736350173,50.47159381453876
2130,5.916667,357.84993066498697,45.07456408619816,70.00029793353487,50.545746654221844
2131,5.919444,357.83030497388035,45.12788500126375,69.97218337231328,50.619829471002404
2132,5.922222,357.8269666329505,45.158478696635406,69.97055196197667,50.679007389759505
2133,5.925,357.81123971307835,45.18455056718752,69.96787235394122,50.75042548075431
2134,5.927778,357.79551283675795,45.210635271313336,69.9651803924577,50.821780183910704
2135,5.930556,357.71288931723535,45.19393936848276,69.98571883019086,50.84327560662368
2136,5.933333,357.63028741812604,45.17724448967234,70.0062210250489,50.8647264375544
2137,5.936111,357.547647734498,45.16053863991589,70.02670172854859,50.88614808123331
2138,5.938889,357.53279113887595,45.18816619809878,70.04134557713299,50.94056655012375
2139,5.941667,357.51512786981095,45.26243250190041,69.99999986571707,51.01773274060826
2140,5.944444,357.4974702437655,45.33664464223669,69.95872424332867,51.094855599188676
2141,5.947222,357.4955877873211,45.3630457111411,69.95702188098177,51.15039899342587
2142,5.95,357.4937057796476,45.38944690900727,69.95531451093981,51.205954920891045
2143,5.952778,357.49182422112864,45.41584822030368,69.95360213699686,51.261523042353524
2144,5.955556,357.49128218120387,45.4465581863508,69.94648524354172,51.338296602629725
2145,5.958333,357.4907405060014,45.47725792159011,69.93936942676638,51.41502456408688
2146,5.961111,357.4901988053909,45.50796952015193,69.93224957076887,51.4917616022971
2147,5.963889,357.4859555114896,45.53281659005913,69.93454144254892,51.53218631736125
2148,5.966667,357.5000845227026,45.55427674281803,69.93827788634701,51.55058229679075
2149,5.969444,357.51421607627674,45.57572139033209,69.94201603526113,51.56892881033557
2150,5.972222,357.54545990807406,45.61526662556184,69.94222903489937,51.75071670813116
2151,5.975,357.4240178821994,45.577179551979576,69.84881351734808,51.898057877892825
2152,5.977778,357.42403032026886,45.59441765058651,69.85212407627041,51.93938510429024
2153,5.980556,357.42209857275986,45.63097407040001,69.83153719465385,51.97763376685508
2154,5.983333,357.4201679416045,45.66751130664234,69.81096853424766,52.01578340977524
2155,5.986111,357.4248829333992,45.678512297579914,69.8170112621967,52.0647913843344
2156,5.988889,357.423680338937,45.69668096800356,69.85343768264853,52.08512907216047
2157,5.991667,357.4224776172086,45.714850435159484,69.88978788656209,52.10569163402073
2158,5.994444,357.442035114787,45.739748342451406,69.89175192994334,52.14267353103453
2159,5.997222,357.2738319801046,45.68062220440049,69.8813296070403,52.197720413199534
2160,6.0,357.10564141040487,45.62131570978172,69.87090758698014,52.252779994166445
2161,6.002778,357.6179559846582,45.95754372247655,69.87374792339939,52.26253870457822
2162,6.005556,358.13108638219745,46.294284797001694,69.87679995821786,52.27228313216759
2163,6.008333,358.6448259103231,46.631403821940836,69.8800590584286,52.282009773448564
2164,6.011111,358.10392600872746,46.308952815156864,69.87416327388956,52.31756965589608
2165,6.013889,357.56381707968575,45.98718467980489,69.86814357511385,52.35313079957004
2166,6.016667,357.02452529067983,45.666122522890504,69.86199808065368,52.38869316001335
2167,6.019444,357.12623003306163,45.71357055923905,69.86433674944792,52.42205341636209
2168,6.022222,357.0889307456951,45.705918567971665,69.85884159394816,52.44884718118432
2169,6.025,357.05163146242677,45.698258405569376,69.85334747658511,52.47562810358886
2170,6.027778,356.86895252155745,45.61969232136438,69.83565542192379,52.515985861814286
2171,6.030556,356.83424087291723,45.608199862511405,69.83781785507297,52.54782085766669
2172,6.033333,356.79954536720794,45.59669125080638,69.83997795682096,52.57964426633781
2173,6.036111,356.9585758173871,45.9466685509703,69.65887232760738,52.63909767376096
2174,6.038889,357.1176753536667,46.294904013699266,69.47957871068917,52.698573157874904
2175,6.041667,357.2768411636064,46.6414181110569,69.30207382181462,52.75807059119583
2176,6.044444,357.21387361424985,46.605402642414134,69.30518728648495,52.77259330561854
2177,6.047222,357.1573560594338,46.57850019586131,69.30475438087953,52.790042820070724
2178,6.05,357.1008363485218,46.55159967948852,69.3043200618376,52.80749655969528
2179,6.052778,357.0434589777118,46.52609054274291,69.29962583931675,52.82539862526677
2180,6.055556,356.986082095849,46.5005859928526,69.29493064869916,52.843302796342456
2181,6.058333,356.9287263847875,46.47509522767549,69.2902361816199,52.86120262117058
2182,6.061111,356.86906004425407,46.457153585475325,69.27716283467406,52.87557877909617
2183,6.063889,356.71519020157046,46.060024282370144,69.53450442690551,52.89476438027283
2184,6.066667,356.5607367016553,45.66217529295756,69.79198809967998,52.9139460459114
2185,6.069444,356.71584725337465,46.36713144010321,69.26386875235407,52.92416494960061
2186,6.072222,356.36234374525566,45.782115399044834,69.50320152253478,52.93428511720444
2187,6.075,356.00933179636047,45.19369963098847,69.74642887228896,52.94440495567464
2188,6.077778,355.9610556396532,45.16896464175257,69.73946918624887,52.95375283798657
2189,6.080556,355.9127798240615,45.14423063756502,69.73251120545557,52.9631004071302
2190,6.083333,355.8645217460284,45.11950653616061,69.725557433085,52.972444298606405
2191,6.086111,355.80987030031065,45.09130014529211,69.71527206969546,52.979000418330884
2192,6.088889,355.7650073389791,45.077006335914255,69.69183655880434,52.995268154096635
2193,6.091667,355.72014313725396,45.06271229610116,69.6684030735743,53.011535335090116
2194,6.094444,355.67205496386896,45.033558366608204,69.65937655769936,53.020614903660004
2195,6.097222,355.62430306277355,45.00121451016737,69.65449562530289,53.032124822657636
2196,6.1,355.5765506356512,44.968873517435725,69.64961703361503,53.04363184327087
2197,6.102778,355.52522613388345,44.93002745077678,69.64976236727486,53.04990028679802
2198,6.105556,355.4738996823,44.89118260377805,69.64990938060694,53.05616670608117
2199,6.108333,355.42258978238,44.85235297992073,69.65005801879032,53.06242884735764
2200,6.111111,355.3725787709533,44.82084889241835,69.64893721812578,53.06630478033313
2201,6.113889,355.63315943435833,45.36901096744314,69.36541213071384,53.07341500851092
2202,6.116667,355.89398266581514,45.91329319749881,69.0860124626987,53.080523787633325
2203,6.119444,355.8414441956482,45.86112801335179,69.10074812192771,53.079016350427054
2204,6.122222,355.8078623551984,45.83467190378743,69.0868244709943,53.08190434886883
2205,6.125,355.774279376063,45.80821521280829,69.07290250402983,53.08478960225378
2206,6.127778,355.72251547619953,45.78251671602503,69.06136907984876,53.09225397422759
2207,6.130556,355.6741039276899,45.749342997969016,69.05727171028776,53.09388453090469
2208,6.133333,355.62570973366576,45.71618017129255,69.05317738180679,53.095512505434456
2209,6.136111,355.5762754614571,45.67434239647257,69.04472561607963,53.11079887485995
2210,6.138889,355.53459333336787,45.645638201986735,69.03072813025612,53.121103093049015
2211,6.141667,355.494495803296,45.61563686202917,69.0187894467668,53.12516793546908
2212,6.144444,355.4521437561291,45.573647160276785,69.01680370904754,53.08691154000866
2213,6.147222,355.4097721703275,45.53163908171838,69.0148177609902,53.04866601589484
2214,6.15,355.15779213742593,45.113269841754786,69.18028235108983,53.09101015464283
2215,6.152778,354.9059298909436,44.69315453829562,69.34761147884285,53.13336662495013
2216,6.155556,354.6541934273473,44.271276089118146,69.51683022339463,53.175735421780075
2217,6.158333,354.612967310542,44.24316234998158,69.50388163743985,53.186207891077956
2218,6.161111,354.56418038705726,44.209668941093796,69.4935775473067,53.20142811215349
2219,6.163889,354.5153921472131,44.17617298815828,69.48327551504731,53.21664605274141
2220,6.166667,354.46985505529904,44.14735208655484,69.43381762500762,53.28255769292828
2221,6.169444,354.42673850797706,44.10664678621735,69.42113753495788,53.30784661579999
2222,6.172222,354.38360329773326,44.06592283749242,69.40845798780062,53.333139598818406
2223,6.175,354.5593966114889,44.41448004134003,69.20963128486936,53.36244647866333
2224,6.177778,354.7353390739045,44.76141996382589,69.0125747739908,53.39174821044338
2225,6.180556,354.91142782130265,45.106762704524385,68.81726549671733,53.42104478935383
2226,6.183333,354.85110084378243,44.99571253974083,68.86474366669006,53.45395342685205
2227,6.186111,354.8070581899447,44.9740544637928,68.83632122051962,53.49436698462914
2228,6.188889,354.7630101535258,44.95239012183221,68.80790278318278,53.534774757886865
2229,6.191667,354.7098865459575,44.92208822940326,68.78855933287153,53.57249210455683
2230,6.194444,354.65710691674184,44.895709744422724,68.7550486173812,53.62438001874362
2231,6.197222,354.6043196553404,44.86931670952657,68.72153700456626,53.6762710834865
2232,6.2,354.5524376267198,44.83154255792537,68.73253888543059,53.68338453477517
2233,6.202778,354.5053732404234,44.80823230506638,68.70199877289977,53.6757570919433
2234,6.205556,354.4583054442943,44.78491708703498,68.67145550079161,53.6681503721597
2235,6.208333,354.40678799587715,44.741091016549674,68.62377582816275,53.75003189054546
2236,6.211111,354.35586812700944,44.723399128970634,68.58236279809665,53.79607552476453
2237,6.213889,354.3049448615143,44.70570303003673,68.54093334147926,53.84213407950227
2238,6.216667,354.3262363882165,44.74831308456932,68.48369741010725,53.88716507716187
2239,6.219444,354.34336945628485,44.75694435353806,68.4563784635735,53.91903533760794
2240,6.222222,354.3605107701124,44.7655772153037,68.42904544717513,53.95092218202694
2241,6.225,354.36635652230433,44.754116939753345,68.40633841472597,54.03520901136416
2242,6.227778,354.37220260870083,44.742656200368316,68.3836281787439,54.11952868690746
2243,6.230556,354.37804902874336,44.73119499725905,68.36091475527844,54.20388112028077
2244,6.233333,354.384235814001,44.740058542511285,68.33476906391341,54.24108141427514
2245,6.236111,354.3918603242993,44.733981780333025,68.31217795749295,54.28174352763959
2246,6.238889,354.3994827796249,44.72790514297819,68.28958474543846,54.322409313518904
2247,6.241667,354.45498215715827,44.74444063311676,68.24993980831587,54.37302230095875
2248,6.244444,354.51046938597386,44.76096947100834,68.21031498977833,54.42361141177618
2249,6.247222,354.5659843833377,44.77750355968915,68.17068178031649,54.47421304993762
2250,6.25,354.56672550885804,44.76786687315525,68.14981461654105,54.40907935819784
2251,6.252778,354.5719034572903,44.74987294384075,68.14025364888143,54.46146658765218
2252,6.255556,354.5770806514323,44.731880476697704,68.13069699005092,54.513860786695304
2253,6.258333,354.582288963733,44.733192144761304,68.09239929114581,54.55982322843201
2254,6.261111,354.58731477111564,44.71501700791446,68.08154201182944,54.59634605237986
2255,6.263889,354.5923401648886,44.6968435351345,68.07068224600292,54.632868616911566
2256,6.266667,354.5335233208159,44.68086290129645,68.05215300217974,54.67788646348289
2257,6.269444,354.4748298357689,44.6648888373477,68.03362915108104,54.722886991378175
2258,6.272222,354.4162172538737,44.648909839749685,68.01509736849184,54.76790259080485
2259,6.275,354.42342443677927,44.6338385157226,67.99973114464873,54.80767029236843
2260,6.277778,354.43063257022976,44.618767146522764,67.98436852759548,54.84743428397856
2261,6.280556,354.43784165357584,44.603695733085864,67.96900952748817,54.88719455325105
2262,6.283333,354.4375348003345,44.59353462607955,67.9437612454781,55.038822059510764
2263,6.286111,354.44531484839604,44.585163680393826,67.89787081533807,55.11875641991608
2264,6.288889,354.4530957834455,44.57679262100204,67.85199553308641,55.19866574870768
2265,6.291667,354.4582865121212,44.54242123591424,67.86220347771923,55.23641123586688
2266,6.294444,354.4688199218046,44.559764447081356,67.79520423874759,55.29722837926356
2267,6.297222,354.4736156905772,44.5450123194414,67.7672992185339,55.37200457612681
2268,6.3,354.47980080597097,44.51342653551303,67.76167983104199,55.42546873552401
2269,6.302778,354.48598700991647,44.48183963740396,67.75608997282552,55.47890644329236
2270,6.305556,354.4896929852671,44.456472641113386,67.74817522441217,55.512794245833774
2271,6.308333,354.494883977344,44.444542012403346,67.71764313562326,55.56268530220767
2272,6.311111,354.50007564762467,44.43260688609944,67.68712492311144,55.6125527421905
2273,6.313889,354.50029899584007,44.410017499220864,67.6724482535535,55.6565250472903
2274,6.316667,354.30978733097686,44.391904043325226,67.6562431264867,55.645894238636785
2275,6.319444,354.11887753816666,44.37379860547947,67.64005893150693,55.63528147364221
2276,6.322222,354.120059969281,44.35513574426738,67.62856930098502,55.67032449453191
2277,6.325,354.12008908990714,44.32965695913809,67.61756940350493,55.72098743453577
2278,6.327778,354.12011853690603,44.30418054259293,67.60658654535658,55.771634828019145
2279,6.330556,354.11535764029924,44.277243439445975,67.5904697145899,55.824758253766404
2280,6.333333,354.11109500853684,44.253024609328705,67.57606882488166,55.87288185258102
2281,6.336111,354.1068312947146,44.22880037857169,67.56167334194608,55.921014388483485
2282,6.338889,354.1006557348422,44.20351897319526,67.53315168123231,56.002296488663106
2283,6.341667,354.1060823987431,44.14228265248555,67.54480383996139,56.07024820322856
2284,6.344444,354.11149730513057,44.08108081555929,67.55642647884952,56.13818971084184
2285,6.347222,354.1113681893417,44.05838135840491,67.53093365337799,56.195056404231025
2286,6.35,354.10669031238933,43.988539343328206,67.56274251201519,56.23359854419509
2287,6.352778,354.10201311116384,43.918733636321015,67.5945513326749,56.27210525253368
2288,6.355556,354.09944418615436,43.89999103467867,67.55748321720547,56.3442186321507
2289,6.358333,354.089741395845,43.864503294060896,67.54878797307651,56.390638245482194
2290,6.361111,354.08003599349945,43.829006183571146,67.54009215809334,56.43706988256008
2291,6.363889,354.07375769168925,43.814967673301695,67.50773383508292,56.50234024309724
2292,6.366667,354.06784333590184,43.78624774266663,67.49180323534853,56.55725920856247
2293,6.369444,354.06193128285656,43.757546632268976,67.47588974456701,56.61213539239253
2294,6.372222,354.03208529950047,43.71171327382112,67.4651161914782,56.670674609206785
2295,6.375,354.03299780252314,43.68649758873242,67.42303605876742,56.776439708055776
2296,6.377778,354.03391019007114,43.66128582215988,67.38103722689641,56.88210285519325
2297,6.380556,354.01971550481204,43.63794779344211,67.36056710700461,56.92059702315419
2298,6.383333,354.00534547693104,43.60990693296112,67.34312609139451,56.93535473179767
2299,6.386111,353.9909702848495,43.58185412188438,67.32570447937198,56.95009929213052
2300,6.388889,353.9934354326787,43.56770111192878,67.29594243914505,56.99184301905596
2301,6.391667,353.9899957986412,43.537684104612836,67.27675825846482,57.06811253822306
2302,6.394444,353.9865574267459,43.50767386686774,67.25760289785356,57.14436033829777
2303,6.397222,353.9827924220401,43.48098882388391,67.22766578656704,57.21402553950395
2304,6.4,353.97902746990076,43.45430103090311,67.19773724954517,57.283684394487736
2305,6.402778,353.9752625703268,43.42761049616119,67.16781737443975,57.35333680512818
2306,6.405556,353.96929416278255,43.39879199840478,67.1328569237055,57.4251876993675
2307,6.408333,353.96667971395914,43.37438212173967,67.07577114953243,57.537683933015416
2308,6.411111,353.96406439047007,43.34996106215,67.01871479243785,57.65014856818175
2309,6.413889,354.03526815397095,43.35704532755961,66.97049078540445,57.752044337026874
2310,6.416667,354.1001619291674,43.36371392694656,66.93233564668118,57.84336012761176
2311,6.419444,354.16501589310684,43.3703729737471,66.8942270902716,57.93460373640512
2312,6.422222,354.447190906133,43.36962149369972,66.86285524480067,58.05879857059685
2313,6.425,354.72966983111274,43.36885755879873,66.8315266842118,58.18298729039199
2314,6.427778,355.01244337956956,43.368081168500794,66.80024150810023,58.30716965551129
2315,6.430556,355.0757869236033,43.377846581083176,66.78562467607075,58.37592433326466
2316,6.433333,355.1361702707305,43.38120171626106,66.76463292947066,58.44459571028166
2317,6.436111,355.1965702313536,43.38454782278331,66.74366092563041,58.513277437813784
2318,6.438889,355.2574338689228,43.37207347951221,66.72480412268608,58.59348819046626
2319,6.441667,355.31979142284723,43.376865775329385,66.7037894088582,58.661864441092405
2320,6.444444,355.3821230716801,43.381649744808925,66.68280438097788,58.73019448418563
2321,6.447222,355.43926543152696,43.37121744098621,66.66594875444866,58.80563248035655
2322,6.45,355.50557234880927,43.37900274567949,66.62987510029106,58.84269719664816
2323,6.452778,355.5718760819169,43.386780763831545,66.59381612956439,58.879770803986005
2324,6.455556,355.63566314820014,43.3873467455457,66.57369508541122,58.74515741961288
2325,6.458333,355.70245581750254,43.39410867223724,66.5363834427569,58.83868592311681
2326,6.461111,355.76469776019087,43.3915916492099,66.49636623930016,59.01143163143709
2327,6.463889,355.82693646187533,43.389033953713515,66.45645086455545,59.18418601288549
2328,6.466667,355.8891718867403,43.3864355359399,66.41663751672417,59.35694841094386
2329,6.469444,355.94739839916826,43.38502638926297,66.36273684313794,59.519070879627435
2330,6.472222,356.0143850683743,43.38539574839725,66.33483989986094,59.62731506461091
2331,6.475,356.08137460084055,43.385747271482536,66.30699230944276,59.73556121727306
2332,6.477778,356.1370123712729,43.3737792404415,66.28370610331541,59.83610014839596
2333,6.480556,356.16460101115615,43.379430404371355,66.25258011654088,59.962729623992004
2334,6.483333,356.1921611553328,43.38506240836523,66.22150888298464,60.08931699812726
2335,6.486111,356.2798743743142,43.378090517491295,66.21027614131226,60.167736761431755
2336,6.488889,356.36758752519506,43.371104462171495,66.19907837057283,60.24613248742382
2337,6.491667,356.4553004876361,43.36410425815502,66.1879155944617,60.32450410464803
2338,6.494444,356.5126929865447,43.320811330746054,66.18299129143381,60.399657507000384
2339,6.497222,356.5157103082955,43.306474755383476,66.16752678296756,60.46871495000978
2340,6.5,356.5187841199285,43.29212176410738,66.15209529816019,60.53775039795114
2341,6.502778,356.57703574119705,43.28113301407638,66.14101278159539,60.6086483533268
2342,6.505556,356.63528163916436,43.270129098063904,66.12996719992714,60.67952216836922
2343,6.508333,356.6935008202758,43.25911401347308,66.1189625402066,60.750346263538816
2344,6.511111,356.75009104301097,43.21853630259161,66.14191194350032,60.813510956389095
2345,6.513889,356.806677443793,43.17796230906844,66.16490841101769,60.87662335262617
2346,6.516667,356.8632599949373,43.13739223587995,66.18795170073865,60.939683472433856
2347,6.519444,356.92267095826503,43.12419176878444,66.17898070945533,61.01288040472515
2348,6.522222,356.97979068206513,43.10868006283085,66.15517331303195,61.122155796422405
2349,6.525,357.0369042063659,43.09315532528161,66.13147785551165,61.23131919865321
2350,6.527778,357.0954023906388,43.08344225046536,66.11151732898526,61.31351961172716
2351,6.530556,357.1496317501172,43.06945967042877,66.10334868088341,61.413844785724734
2352,6.533333,357.20383635325413,43.05546871732217,66.09541907086584,61.51392645510741
2353,6.536111,357.2572827064388,43.033825292950006,66.08399280991284,61.5931014088428
2354,6.538889,357.31020311619096,43.023666542272856,66.04981774546445,61.6124517865685
2355,6.541667,357.36311769216826,43.01350757729604,66.0154107173744,61.63211532144426
2356,6.544444,357.37536718515685,42.97258062378541,66.01159565930905,61.805497491210886
2357,6.547222,357.36444624962326,42.90910542837078,66.02657014351125,61.87144919108508
2358,6.55,357.35353647155034,42.84563755224916,66.04154952961751,61.937403675488596
2359,6.552778,357.35751234691685,42.812902750653464,66.01359427004456,62.02532990310468
2360,6.555556,357.24371557873235,42.73716883104859,65.98088505749494,62.09439359701234
2361,6.558333,357.12994517153146,42.66143722189412,65.94820099859008,62.16343366270644
2362,6.561111,357.0032817550129,42.57143572700873,65.92648108878643,62.234699012381526
2363,6.563889,356.8882142601546,42.4862711097831,65.90374163312796,62.326714546005704
2364,6.566667,356.7731352843682,42.40108734403655,65.88103878756472,62.418762405467106
2365,6.569444,356.6520039732065,42.3018886026807,65.8765703565018,62.48343065973077
2366,6.572222,356.5292442214235,42.21521735617075,65.82449137005423,62.59748431908301
2367,6.575,356.4064752078496,42.12852367675206,65.77253725131328,62.71141875042272
2368,6.577778,356.2865264904764,42.03683603760954,65.75783791302375,62.792918266970474
2369,6.580556,356.163757443912,41.94725792593501,65.71723447950305,62.87791478084179
2370,6.583333,356.04103229805617,41.85768982230657,65.6767149968797,62.962808966741974
2371,6.586111,355.92618148790683,41.77939053492091,65.63358130505148,63.045915649249565
2372,6.588889,355.80478789626267,41.71346932066837,65.54491512118848,63.16165324605748
2373,6.591667,355.68338153492243,41.64750650813427,65.45628327031515,63.27739128038408
2374,6.594444,355.6927641110731,41.624153950302016,65.43413808326198,63.331395399461954
2375,6.597222,355.7021453705715,41.60077710259882,65.41198597271409,63.385430584606354
2376,6.6,355.71152193381596,41.5773843943059,65.3898350081511,63.43947727363745
2377,6.602778,355.73224534294116,41.565790583496,65.36339324253426,63.50773340216389
2378,6.605556,355.7370035549647,41.559751690638464,65.34278414272947,63.58172503527561
2379,6.608333,355.7417902410155,41.55370684148001,65.32222099888766,63.65567449586098
2380,6.611111,355.7846203677616,41.55102161889826,65.27747376058362,63.73873636930092
2381,6.613889,355.80301673927096,41.528149014726424,65.24823467900585,63.826420390861145
2382,6.616667,356.1984615101073,43.25463961145458,63.83443532077254,63.905812879903124
2383,6.619444,355.7171121770101,42.312922997574226,64.53529518465588,64.02866144475978
2384,6.622222,355.2339650567759,41.37363532917992,65.23164457063011,64.15136310821676
2385,6.625,355.2503479515455,41.334697958411546,65.17013052084756,64.28828217263671
2386,6.627778,355.25841793226084,41.27994054140601,65.17563165801525,64.35256518972506
2387,6.630556,355.2664916739179,41.22516949015896,65.18121975854348,64.41677884033435
2388,6.633333,355.28570524806156,41.08753196989047,65.30592374053289,64.45953403841015
2389,6.636111,355.29331512002875,41.040495022058906,65.30456273234947,64.51537410106113
2390,6.638889,355.30092799134104,40.99343841158356,65.30325446294644,64.5711832077727
2391,6.641667,355.47078629171585,41.5919709615757,64.79763268904152,64.64282807560959
2392,6.644444,355.63907146282475,42.19116281951236,64.2898422513454,64.71440854253906
2393,6.647222,355.805924758775,42.791430183670435,63.77955294097664,64.78597605532673
2394,6.65,355.9691681253893,42.85053999061643,63.73059003870456,64.86296325528231
2395,6.652778,355.4022969750936,42.52328633529732,63.725557498266866,64.9356231186913
2396,6.655556,354.83500916339403,42.196153992901145,63.72056238030845,65.00824276630667
2397,6.658333,355.61019640326447,42.51486892294335,63.70369866723337,65.10161569663201
2398,6.661111,356.38526930893556,42.832803754047504,63.68694104921549,65.1949381424599
2399,6.663889,357.15988148993193,43.14981443263137,63.67029561212294,65.28817636531967
2400,6.666667,357.18547196032114,43.144365408679214,63.60183132445971,65.45747630957753
2401,6.669444,357.20493101017985,43.10832003363866,63.587881214567815,65.5525453217125
2402,6.672222,357.22440143895517,43.072263157116055,63.57399667776855,65.64758184794732
2403,6.675,357.2240427704826,43.06484600066317,63.54065362483138,65.73514147018543
2404,6.677778,357.2383712737646,43.039722093869145,63.49810702082803,65.75685080986773
2405,6.680556,357.2527007959425,43.01458929005323,63.45538826631794,65.77876095643144
2406,6.683333,356.94624119898214,41.97991760497819,64.11562816904168,65.83325091733636
2407,6.686111,356.63689456524946,40.938473552182224,64.77970441001352,65.8877820386376
2408,6.688889,356.32475125979,39.89082225295185,65.44716688017309,65.94233452793426
2409,6.691667,356.32611796753883,39.85360832212525,65.41181556443851,66.03523117507117
2410,6.694444,356.33306270335635,39.82651195321455,65.37726032142636,66.1171252902701
2411,6.697222,356.34000869607,39.79940318356412,65.3427303639487,66.19901077324124
2412,6.7,356.3452335879004,39.75235358191753,65.32037413090733,66.281337058251
2413,6.702778,356.34414798276316,39.69683904751326,65.30676565721355,66.36194065174273
2414,6.705556,356.34306302993633,39.64133688609868,65.29318475295942,66.44250470570628
2415,6.708333,356.34092724593233,39.597875540411984,65.27548348222993,66.51337248215765
2416,6.711111,356.3497853275842,39.57195857632577,65.22372194157123,66.64658255726694
2417,6.713889,356.358644542096,39.546042951315734,65.17211757105194,66.77961794563964
2418,6.716667,356.3594168066508,39.4611253654114,65.14353042132437,66.90926016103418
2419,6.719444,356.3662313585931,39.425571608253016,65.1174414295985,66.99366441334404
2420,6.722222,356.3730485373048,39.38999307635681,65.09140032063371,67.0780565588773
2421,6.725,356.9280228439829,40.47410433580255,64.48652973715373,67.19339769624747
2422,6.727778,356.9374438732707,40.433947708426665,64.45849489729699,67.19959010767687
2423,6.730556,356.9468653827211,40.39377187805537,64.43046991236446,67.20580882446411
2424,6.733333,356.96124250443785,40.3474873011694,64.41286072958702,67.27748267880166
2425,6.736111,356.9689808872712,40.301647420576145,64.395245019893,67.35342876721293
2426,6.738889,356.9767202116838,40.25578120406095,64.37770489310253,67.42932390185588
2427,6.741667,356.9934330532856,40.21756898267734,64.34667791277296,67.53118648981655
2428,6.744444,357.03087164492956,40.174840075307436,64.32868470002904,67.67734617998539
2429,6.747222,357.0683331740353,40.13204320700832,64.31079931487076,67.82354393603929
2430,6.75,356.57319063004843,39.04609721668132,64.82802011072361,67.89917201165144
2431,6.752778,356.58389159606674,39.007356494210406,64.77540088414688,68.02543702016193
2432,6.755556,356.59459411551865,38.968612218193776,64.72287746358714,68.15160675917878
2433,6.758333,356.6173853157189,38.872243580665106,64.77200174150208,68.21643320135924
2434,6.761111,356.6147392387225,38.81835380649999,64.73944520222945,68.31587863901441
2435,6.763889,356.61209247816794,38.76444801153805,64.7069779307802,68.41524462425014
2436,6.766667,356.6190925764253,38.69222027305179,64.72223365143532,68.4619000801646
2437,6.769444,356.63059070408696,38.610531647685356,64.76316522980893,68.50691677004414
2438,6.772222,356.64209488576694,38.52883150800617,64.80414224322004,68.5519014575354
2439,6.775,356.6413932914692,38.465092069378194,64.7971769087816,68.63752148385693
2440,6.777778,356.6632421176954,38.42395887200168,64.80331422973396,68.74480856208326
2441,6.780556,354.05251817946134,37.11373300247965,64.79004974732858,68.81004294531783
2442,6.783333,354.3124007700198,37.601091147759405,64.4931223476954,68.90381626227284
2443,6.786111,354.57257127200495,38.08618587063494,64.19877485363973,68.99759937400735
2444,6.788889,354.5815234857676,38.049402854623374,64.14649846461452,69.12444721269394
2445,6.791667,354.59047655285343,38.01261223865621,64.0943366039972,69.25117237759339
2446,6.794444,354.59942724979,37.97582730085682,64.04230820743453,69.37772904602137
2447,6.797222,354.50454170994277,37.59934543539773,64.19966812721138,69.47084131876274
2448,6.8,354.40974842012423,37.22096137954105,64.35905628903615,69.56391081712165
2449,6.802778,354.315048977387,36.84065938260066,64.52049035728209,69.65693729181709
2450,6.805556,354.3260406671727,36.79503434698384,64.50188849012393,69.73392721858002
2451,6.808333,354.33703013634977,36.74940285226581,64.48334243546032,69.81086896001577
2452,6.811111,354.34802529867045,36.70373206851717,64.46483893478863,69.88781779895731
2453,6.813889,354.34200227572757,36.64725687960743,64.44572569551417,69.96656256941186
2454,6.816667,354.3359810483103,36.59075674045532,64.42666887525961,70.0452840756015
2455,6.819444,354.3299637842234,36.53425203712195,64.40767540621964,70.12395386070125
2456,6.822222,354.6583801961081,37.483676937145,63.67780142360023,70.24271975927961
2457,6.825,354.98417468768923,38.42856141695994,62.949922584311665,70.36139802300198
2458,6.827778,355.3073615355793,39.36877508806318,62.22418398699054,70.47998821676094
2459,6.830556,355.31525728886925,39.319097483562,62.197342618404065,70.53718408229103
2460,6.833333,355.32315147345827,39.26942529940031,62.17055109713803,70.5943448641242
2461,6.836111,355.33104977470055,39.21972282959261,62.143790312268834,70.65151146724607
2462,6.838889,355.34527331679215,39.183953714076836,62.11771048727384,70.79562535149505
2463,6.841667,355.34943254075574,39.13379907092276,62.102815666813214,70.9242785211028
2464,6.844444,355.3535898152051,39.08364434640464,62.08812800070572,71.05279108463868
2465,6.847222,355.43650615829495,39.07318070124998,62.07516532968384,71.15088642644365
2466,6.85,355.4402257250937,39.00494689621172,62.0479454051663,71.25480413173423
2467,6.852778,355.4439452291772,38.93660406495066,62.02096021153815,71.3585925880847
2468,6.855556,355.5152633585499,38.91556798889032,61.94235390353873,71.39475183425242
2469,6.858333,355.3682758582233,38.00521549535356,62.61041432599477,71.52554019235701
2470,6.861111,355.2189053910436,37.09822070662062,63.27275195730806,71.65633281794187
2471,6.863889,356.1433350655404,38.01261362943954,62.793947971158275,71.74478346044229
2472,6.866667,357.0624621162066,38.92377667031592,62.31255100465647,71.83316586542477
2473,6.869444,357.97594432743233,39.83139613905961,61.82875459068626,71.9214482034889
2474,6.872222,357.6445388775339,38.01788565542922,63.24763482275523,72.01595565258575
2475,6.875,357.8283351949436,38.86881916606424,62.514443790521256,72.1121735356857
2476,6.877778,358.00963192029207,39.72365632337897,61.77490758085925,72.20836411944806
2477,6.880556,357.89983469584257,39.061511992908486,62.23383520564818,72.3423419247578
2478,6.883333,357.78896726158274,38.40140784085095,62.68987023906956,72.47607234556445
2479,6.886111,357.6769348484785,37.74292662993545,63.14326781632758,72.60965184383232
2480,6.888889,358.05626624469994,39.52054253433911,61.68180496322938,72.66522527044293
2481,6.891667,358.0693939712618,39.49281072579323,61.648484634620274,72.73960851802906
2482,6.894444,358.08251727327126,39.46507852470019,61.615227456781724,72.81392151624597
2483,6.897222,358.08899645591595,39.397217578812416,61.60729081923965,72.90055646480864
2484,6.9,358.0921648794209,39.3205292054539,61.62766431228651,72.9584468830681
2485,6.902778,358.095332422283,39.243869162947504,61.648062667403295,73.01628432871692
2486,6.905556,358.0917012359345,39.19780137963926,61.6232153989538,73.08794098986054
2487,6.908333,358.09094237023555,39.13105694298767,61.614841832496055,73.19370500254125
2488,6.911111,358.09018153814674,39.064289282419885,61.60656878682343,73.29940703942307
2489,6.913889,358.0976553157541,39.03954439660487,61.57120278412374,73.29177145123327
2490,6.916667,358.0964062577748,38.98557064036064,61.564129076110035,73.34767158620014
2491,6.919444,358.09515656410775,38.931599289408,61.55709253031982,73.40353222052322
2492,6.922222,358.10491241151624,38.89934857399158,61.533865411136304,73.52913373632386
2493,6.925,358.1146691642484,38.8670907029119,61.51080281268668,73.6546004374293
2494,6.927778,358.1244268207074,38.83482568663908,61.487904073689705,73.77993273140895
2495,6.930556,358.13702708332767,38.82118447986369,61.37403545169448,73.78547466615211
2496,6.933333,358.1402932089318,38.82032729431662,61.31131511744509,73.90032225125805
2497,6.936111,358.14355913109813,38.81946678233821,61.248658121979474,74.01513844696804
2498,6.938889,358.1426190624545,38.78591784495906,61.21053169136488,74.22573158858987
2499,6.941667,358.15510833329654,38.790495541184434,61.16130376018424,74.30555343006401
2500,6.944444,358.17646687822906,38.79854249993731,61.12158253087398,74.33895426990136
2501,6.947222,358.1818827393017,38.78748861471206,61.07735315751215,74.41294555583808
2502,6.95,358.18729961278325,38.77643047736442,61.03316391874641,74.48690428092274
2503,6.952778,358.1906889419208,38.766139434575614,60.98803443674586,74.56074039819684
2504,6.955556,358.18321880566737,38.74418600223405,60.95999406159385,74.62665925497257
2505,6.958333,358.17575119318724,38.72223176903954,60.93201002899383,74.69251959967178
2506,6.961111,357.13204274089264,35.36526780765083,63.18669009237877,74.76533654987614
2507,6.963889,357.6563983561053,37.0178120012938,61.99296497704542,74.87063915299649
2508,6.966667,358.17347133502125,38.65668607442184,60.805726832618646,74.97583862505931
2509,6.969444,358.17087565522434,38.61338235771594,60.77348254179461,75.08803643271995
2510,6.972222,358.1682789218366,38.5700594072766,60.74130702652356,75.20019782854162
2511,6.975,358.16568206953673,38.52673286449718,60.70921200631504,75.31228222342516
2512,6.977778,358.1721151020483,38.443348949003685,61.156409908076185,74.69243613623394
2513,6.980556,358.1727518705331,38.4153217991973,60.99355951166547,75.0979590047193
2514,6.983333,358.173388092866,38.38729809028808,60.83227047558387,75.50103656150877
2515,6.986111,358.1785739531989,38.34954042839718,60.82068012552385,75.58827329662896
2516,6.988889,358.1605369390557,38.32247834177252,60.877431258169395,75.38828569420703
2517,6.991667,358.1424978985691,38.29540344306591,60.934411225612024,75.18768572409444
2518,6.994444,358.14834171009585,38.28403200365242,60.73000671190616,75.81583569665597
2519,6.997222,358.1573474050796,38.28490174708625,60.67142803293865,75.92068317469246
2520,7.0,358.1663516468928,38.285766348492366,60.61295893682987,76.02542294715442
2521,7.002778,358.1739587236084,38.274222474866605,60.641856694441,75.88147815692788
2522,7.005556,358.18156730179436,38.26267079821179,60.670833870085175,75.73714710174015
2523,7.008333,358.18917464344946,38.25111547815264,60.699880570861765,75.59248159808328
2524,7.011111,358.17116705650176,38.240789983551586,60.62666873632858,75.7275816317291
2525,7.013889,357.59535806926607,37.96461655984036,60.39722452620326,76.19139711763918
2526,7.016667,357.01962057297925,37.6866678189743,60.17005525988186,76.65225396513166
2527,7.019444,356.98944134316037,37.63056706895455,60.15821371397273,76.73632181475521
2528,7.022222,356.43519877279215,37.350305578577334,60.24355369499271,76.48420960575204
2529,7.025,355.88059210456254,37.070521195203334,60.3294107070582,76.2309298529564
2530,7.027778,355.86736287688484,37.023015477346114,60.064301693152345,76.85691953348295
2531,7.030556,355.8722813120234,36.99254080922383,60.03112389859403,76.95655287127906
2532,7.033333,355.87719964878545,36.962065559980275,59.997860205812685,77.056346460739
2533,7.036111,355.8613475411509,36.888445588562675,60.01977524693345,77.10883162227712
2534,7.038889,355.85152986262744,36.848462098501,60.13840988682939,76.82528312382608
2535,7.041667,355.8417107081952,36.80846253168737,60.25746120524512,76.54098017267835
2536,7.044444,355.826566039823,36.73401084760087,60.20192691854463,76.77954095435942
2537,7.047222,355.8114110742849,36.659620136504856,60.146826568040964,77.01735779479858
2538,7.05,355.79625126099484,36.58531719505541,60.09217762636659,77.25434731578655
2539,7.052778,355.7940756634928,36.59971059193831,60.051789410183375,77.35854492883777
2540,7.055556,355.75953250992956,36.56180570026194,60.00737314414589,77.42750420259391
2541,7.058333,355.7250033710814,36.52390524511242,59.962989545306584,77.49643797958024
2542,7.061111,355.67473012028915,36.35424026778036,60.01965602484428,77.59830763047053
2543,7.063889,355.6683389170606,36.32683382592913,59.991199217933044,77.65914488191751
2544,7.066667,355.6619469790036,36.299415343479694,59.9627768548426,77.71996016116172
2545,7.069444,355.6681902671528,36.30943892598965,59.80506403540116,77.89097650896369
2546,7.072222,355.6617031518177,36.30171905235846,59.92189109123376,77.73026678782811
2547,7.075,355.6552316458257,36.2939960693642,60.03920483799375,77.56876595346694
2548,7.077778,355.6819215457068,36.29616705754318,60.00566703081071,77.63434223064253
2549,7.080556,355.7315808309565,36.27793381960515,59.92771325426793,77.79235437544551
2550,7.083333,355.7812311945697,36.25963260578733,59.850058168695895,77.95003716637835
2551,7.086111,355.76292948973435,36.234475901396024,59.82339793190849,78.00535291866915
2552,7.088889,355.9028341981725,36.27626450936664,59.66628634151223,78.27430118163231
2553,7.091667,356.0427320281323,36.31800146880965,59.51015538182348,78.54197966773344
2554,7.094444,356.03569637226104,36.25279678208378,59.52980146812472,78.65919397403185
2555,7.097222,356.0286571544408,36.18758338642011,59.54950141595921,78.7764292033293
2556,7.1,356.0298025621369,36.15038396887326,59.54185141888124,78.85384066971213
2557,7.102778,356.0413567532723,36.11762487329832,59.529396461141374,78.85179967732901
2558,7.105556,356.05291199058536,36.0848614710779,59.516976751712846,78.84976525707089
2559,7.108333,356.04520155103586,36.05229037783126,59.75634402557765,78.41118776373361
2560,7.111111,356.0170991792936,35.90167379221514,59.69548292791224,78.86556049517021
2561,7.113889,355.98895293658427,35.75109537135871,59.636463592386306,79.31724789274331
2562,7.116667,355.98172540931455,35.69316296211131,59.647414408479875,79.31158856543972
2563,7.119444,355.97449880134303,35.63535104754671,59.658193040148646,79.3060356951683
2564,7.122222,355.9672679074727,35.5776177834081,59.66880733797899,79.30058542078237
2565,7.125,355.9828195472206,35.58162931203546,59.65112488281177,79.42517457819139
2566,7.127778,355.9824410274032,35.54411294728777,59.625901651451215,79.57951418941232
2567,7.130556,355.9820624630629,35.50658653891609,59.60073155747969,79.73398421380588
2568,7.133333,355.9833546334468,35.48726603713176,59.53514675517103,79.74566456549951
2569,7.136111,355.97734595674945,35.45830237580969,59.512370566873926,79.74563308546763
2570,7.138889,355.971337668788,35.42932960566487,59.4896383818521,79.74563096908372
2571,7.141667,355.9750250262174,35.404002164791095,59.47531116243661,79.8038853800516
2572,7.144444,355.97871113306763,35.37862417590129,59.46097361840087,79.86227621637335
2573,7.147222,355.98239864398465,35.35317714306287,59.44661545223977,79.92084621633998
2574,7.15,355.9856549361398,35.25989466104876,59.6055414915063,79.71364328086601
2575,7.152778,355.9921455499466,35.308515858364004,59.373004718214645,80.04455223331689
2576,7.155556,355.998622286823,35.357207303079655,59.141533940384136,80.37370377984533
2577,7.158333,355.98880095822244,35.291364652930596,59.13429593850546,80.45413515070537
2578,7.161111,355.9789252574616,35.24492894894447,59.09295929081098,80.52562704120906
2579,7.163889,355.96905319401793,35.1984796989279,59.051638481130965,80.59712089119064
2580,7.166667,355.9616661341579,35.14807142549142,59.049532368388114,80.71606045003794
2581,7.169444,355.95428358559445,35.097687120382744,59.04748715694332,80.83499470936509
2582,7.172222,355.94690023225525,35.04729053472548,59.04550122984796,80.95400935637129
2583,7.175,356.76278939058193,35.396860404111315,59.06589909951039,80.89593530498138
2584,7.177778,357.57823677700884,35.74508886112841,59.08626758659784,80.83774591632243
2585,7.180556,358.39316818772375,36.09194991395862,59.10660637919257,80.77944112304384
2586,7.183333,357.60662043024763,35.675438540640044,59.01052584321744,80.90060357710651
2587,7.186111,356.8191768955865,35.25743699179664,58.91469579693013,81.02162829749577
2588,7.188889,356.03118773707666,34.8381227105,58.81915222324257,81.14247063359613
2589,7.191667,356.02784496070336,34.815517782417444,58.771294642531146,81.25697471793949
2590,7.194444,356.0620037731341,34.79449569444606,58.72050749130857,81.385329255129
2591,7.197222,356.0961848597299,34.77345572447928,58.66975747326697,81.51374928063692
2592,7.2,356.10230515699305,34.730082661941054,58.6389484441319,81.60771484820665
2593,7.202778,357.29132146173635,35.2576137072222,58.59742359955095,81.69433059503037
2594,7.205556,358.47927083640286,35.78247989894442,58.55593727426175,81.78091748030194
2595,7.208333,358.50460544012896,35.754499753295576,58.2168545152843,82.44959257339664
2596,7.211111,358.52058295492196,35.70303840851951,58.17404076130377,82.55969684542387
2597,7.213889,358.5365616740673,35.65157872993811,58.13125044405763,82.66976951265099
2598,7.216667,358.5524638926775,35.59479488480532,58.088623141392205,82.78614760390944
2599,7.219444,358.5635499430901,35.5447113919181,58.15568831998799,82.66281329586441
2600,7.222222,358.57463805783294,35.4946085471518,58.22287228710212,82.53887776414128
2601,7.225,358.57967312998284,35.47438714205041,58.01732903899456,83.19075472634394
2602,7.227778,358.58769874542077,35.4299365713061,58.02415404163976,83.02816185029707
2603,7.230556,358.59572157571716,35.38548293407244,58.03072592021135,82.8653982403942
2604,7.233333,358.60352171368254,35.34178326997981,57.82509053256891,83.49487877798549
2605,7.236111,358.6127955867731,35.30263041003288,57.755911419328854,83.63372114078275
2606,7.238889,358.62207027494446,35.263474753181015,57.68681057304482,83.77249428554325
2607,7.241667,358.61466898422816,35.213033471871796,57.589124387630946,83.84309648029672
2608,7.244444,358.6528383490974,35.21363593781522,57.54055356496217,83.95663767702233
2609,7.247222,358.6910056109894,35.21422066203423,57.49215661228973,84.07004788372718
2610,7.25,357.5023144802029,34.61873284210029,57.39006409420418,84.19181103065448
2611,7.252778,356.31249842098356,34.02043039735072,57.287928157573305,84.31363342486677
2612,7.255556,356.33574446423285,34.07740302597459,57.14420089349305,84.53563734038434
2613,7.258333,356.3476484021909,34.06868798093445,57.028444002043244,84.62370497844078
2614,7.261111,356.35955623982835,34.05996559511333,56.912451404138636,84.71196991874257
2615,7.263889,356.3605197253329,34.01345926064872,56.884134363439,84.90060874770752
2616,7.266667,356.3537062726703,33.92111173368467,56.836641695150476,84.95174396358723
2617,7.269444,356.3468853485403,33.82875454755775,56.78894114729418,85.00316570084223
2618,7.272222,356.35852958671705,33.829928424140036,56.69620515178913,85.12401654987328
2619,7.275,356.36058616588747,33.7859412586297,56.62059303628732,85.25810562280319
2620,7.277778,356.36264102222873,33.74195814915292,56.54506493192028,85.3921079016379
2621,7.280556,357.35590054886643,32.76682871421293,57.78455950334734,85.66764675002389
2622,7.283333,357.35440556664673,32.71201418915507,57.828920790276584,85.52315526878884
2623,7.286111,357.35290936761686,32.65719463922455,57.873241544386644,85.3782016064866
2624,7.288889,357.4397426353636,33.13480194967896,57.31521634484115,85.62892233697606
2625,7.291667,357.5257819457015,33.614453915243445,56.755056030772806,85.87875764603399
2626,7.294444,357.61100630859727,34.09598206669914,56.19296655203077,86.1276195665759
2627,7.297222,357.5213102606288,33.585578622719815,56.510057631148726,86.26533749911617
2628,7.3,357.43086768763015,33.07733108908853,56.82432636568586,86.40299457825346
2629,7.302778,357.33966969302156,32.57124459068025,57.135759315785634,86.54059021432136
2630,7.305556,357.10066787350866,32.84814447198042,56.73690267759504,86.4954439504371
2631,7.308333,356.86206208363444,33.12836279982803,56.33528529583826,86.45025655931985
2632,7.311111,356.6236732818809,33.41209845013081,55.93061132392393,86.40499594714419
2633,7.313889,356.5363344446906,32.9281399947615,56.171035815144606,86.73391329532976
2634,7.316667,356.4479246907608,32.44578454042174,56.40968420367123,87.06155461224746
2635,7.319444,356.3584486868762,31.96519044831132,56.64645336954196,87.38780677236491
2636,7.322222,356.6500243187193,33.442586326683745,55.332762836735554,87.4696380261706
2637,7.325,356.5104833525687,32.66762602923193,55.87334537424148,87.54052780136156
2638,7.327778,356.36809508121183,31.89693572603477,56.406538451571876,87.61153590418421
2639,7.330556,356.35201382500526,31.862882051920664,56.39128722441377,87.7564388088669
2640,7.333333,355.9898444505319,31.01275430387964,56.72566944013772,87.90702548611104
2641,7.336111,355.62797389308565,30.154869908994044,57.06808690055452,88.05763114868867
2642,7.338889,355.629775943466,30.13317399378287,57.07655729665092,87.99324629174468
2643,7.341667,355.63157909886763,30.11147352299991,57.08496855700487,87.9286295769476
2644,7.344444,355.6333827092785,30.08977632105742,57.09331734440224,87.86380348284824
2645,7.347222,356.6259872811508,30.97473955285342,56.66102065613008,88.13423314310002
2646,7.35,357.61659036795334,31.850910435967045,56.23250310984287,88.40344827625421
2647,7.352778,358.6051718540316,32.718281294328676,55.80772847967384,88.67145503718281
2648,7.355556,357.86228295253335,30.989913169814308,56.750942524773876,88.7291640086542
2649,7.358333,358.38582149018055,32.579051536609924,55.53690501830434,88.84613493663494
2650,7.361111,358.9033868244787,34.157790076505606,54.32701995027779,88.96338890303699
2651,7.363889,358.8905269914744,34.09730447448662,54.28400298854331,89.08800711506078
2652,7.366667,358.7583533611,33.34162546330036,54.838144214520426,89.17046620311186
2653,7.369444,358.62462283034296,32.59142935212234,55.38532475995271,89.25284043967923
2654,7.372222,358.62763527945697,32.57919720532046,55.5458644809482,88.86082133088735
2655,7.375,358.6296770473682,32.55753363541768,55.50530014548116,88.94794635718002
2656,7.377778,358.6317215539803,32.53587274795573,55.46481124802003,89.03500100913305
2657,7.380556,357.87328476830567,32.180631944406755,55.308919439692815,89.35335394175685
2658,7.383333,357.1155598662754,31.821884566197546,55.15398296190273,89.67025243995012
2659,7.386111,356.35795177775526,31.459336499174242,54.99988678718492,89.98592859597554
2660,7.388889,355.5983600576665,29.698472247687135,55.92478449474069,90.02197445712255
2661,7.391667,355.9617094166771,30.519378267240306,55.392649925858464,90.09986856815716
2662,7.394444,356.3256771626416,31.333636005281882,54.86782850804073,90.1777118517928
2663,7.397222,356.30792220948774,31.302846760984373,54.81887591297583,90.25512189631948
2664,7.4,357.1443695003599,31.012192126941365,55.24580823445794,90.33821696651195
2665,7.402778,357.9874769289449,30.710252905595283,55.680442035341045,90.4213159654589
2666,7.405556,355.70698838899176,29.614166554401294,55.6877529428814,90.65232389155506
2667,7.408333,355.695775650371,29.579290155884507,55.612883532151415,90.77197532178697
2668,7.411111,355.6845598992255,29.544400214930285,55.53803807369694,90.89161773499863
2669,7.413889,355.66521336608366,29.520697587273474,55.50213641029633,91.03043264325903
2670,7.416667,355.6458757874571,29.496997354829936,55.46628892715657,91.16922613438398
2671,7.419444,355.6348980790626,29.458779033220694,55.44406947874752,91.26286026128106
2672,7.422222,355.620570284136,29.428609135084173,55.49367759440598,91.04490069638128
2673,7.425,355.6062439184937,29.39843665988689,55.54345102302551,90.82577936778551
2674,7.427778,355.5874550149677,29.36021496135639,55.447906285607445,91.04577086374553
2675,7.430556,356.76393642695166,29.901817042094052,55.31100571230988,91.31514703687654
2676,7.433333,357.9388766119603,30.440456299473432,55.175159125806985,91.58306107166511
2677,7.436111,357.9255184746732,30.41275305966098,55.12325477936727,91.67765248447587
2678,7.438889,357.9121618581663,30.385041481174937,55.07139296762931,91.77220643858784
2679,7.441667,357.89880676349634,30.357321572661277,55.019573962207375,91.8667226525609
2680,7.444444,357.9065163830276,30.333579413341127,54.9691882452842,91.9408147737621
2681,7.447222,357.89215559769434,30.301111432605467,54.95991030824399,92.05568254397538
2682,7.45,357.8777919452834,30.268633184493204,54.95074619392375,92.17051746453133
2683,7.452778,357.88253904602277,30.241703007989273,55.02463543646854,91.83356554011323
2684,7.455556,357.88604121192066,30.207218626434617,54.94179319380059,92.20440240654021
2685,7.458333,357.8895422383896,30.172736379314664,54.86021223253641,92.57297109785158
2686,7.461111,357.8899769639957,30.135268536435767,54.765936214884306,92.68049965654309
2687,7.463889,357.3179141242928,29.837067915925275,54.6787517957287,92.74425205336117
2688,7.466667,356.745835926179,29.537085313450554,54.59139831549548,92.80823210105264
2689,7.469444,356.74452962100565,29.472970494468562,54.66411975526405,92.73124026781613
2690,7.472222,356.7432219023738,29.408805101235686,54.736938706269456,92.65390523696708
2691,7.475,356.7419132403161,29.344612334317617,54.80982912072918,92.57625290004351
2692,7.477778,356.729639494197,29.243382685310422,54.74854013075793,92.83274280289133
2693,7.480556,357.1104992079485,30.086905402839825,54.192863958953325,93.02833588723864
2694,7.483333,357.49165180999756,30.923398586167544,53.64494697458923,93.22331827908833
2695,7.486111,358.23807745214094,31.227851580837132,53.56115611367592,93.37953253890058
2696,7.488889,358.98419306780283,31.530252095446535,53.47757447623833,93.53549428229587
2697,7.491667,359.72996376082625,31.830592433631914,53.3942028708382,93.69120279158375
2698,7.494444,356.5054052104285,30.290574349800615,53.56145438054841,93.31993451778021
2699,7.497222,358.12630055591404,31.01642817955107,53.493733415342476,93.45259615044813
2700,7.5,359.74623106803546,31.728776747594566,53.42612418319669,93.58515193532259
2701,7.502778,359.76107568968683,31.644307359710346,53.453588286954655,93.63950928754566
2702,7.505556,359.81251260984004,31.60323508922332,53.43162862270103,93.72911466179185
2703,7.508333,359.86393278018664,31.562116186001923,53.409831288596806,93.81859057389741
2704,7.511111,359.8932534118623,31.523476577471584,53.37008613503929,93.90480972886736
2705,7.513889,359.9167515146012,31.47508607395921,53.21018628834187,94.29250407987008
2706,7.516667,359.9402473003867,31.42668191817564,53.051960842616595,94.6776709060386
2707,7.519444,358.61141458579874,30.248592127769648,53.36066486193785,94.7899222393227
2708,7.522222,357.2798863717668,29.062388476542495,53.67392140640476,94.90220418615091
2709,7.525,355.9465099168254,27.86873218004075,53.99165259511753,95.01447584687523
2710,7.527778,355.9729557589996,27.818813711901313,54.05242104129704,95.1514162549854
2711,7.530556,357.11831892831873,28.31591994058708,53.922996782706036,95.23711530610534
2712,7.533333,358.26242314956323,28.809956645376666,53.79332254998579,95.32322762996859
2713,7.536111,358.2736291050114,28.722469663999,53.759948738494515,95.43769683290816
2714,7.538889,358.28483844128067,28.63500321116051,53.72673680598824,95.55198269757176
2715,7.541667,358.2960511578904,28.5475576374146,53.69368694602362,95.66608467857888
2716,7.544444,357.91225523699126,28.324935663442695,53.654905759126805,95.75322000088022
2717,7.547222,357.52837310861355,28.101421322331817,53.61621192439213,95.84029123799966
2718,7.55,357.14454077433044,27.877092927466762,53.57761952063983,95.9272668567923
2719,7.552778,356.8056505354266,27.668711292075066,53.522419571162814,96.05516094771302
2720,7.555556,356.46665908700174,27.460492987469536,53.46735813565107,96.18294993454265
2721,7.558333,356.12769357789654,27.25251597561296,53.412455026734406,96.31058778212478
2722,7.561111,356.1451596824067,27.204858756935025,53.44930692990917,95.85144710782022
2723,7.563889,356.1490458994081,27.15440704949728,53.36590807860007,96.1843202915134
2724,7.566667,356.1529262894438,27.103959051643002,53.283678708046594,96.5152148872886
2725,7.569444,357.24353795991726,27.567844981619203,53.18550801155635,96.58353419057693
2726,7.572222,358.33363615773305,28.029522441094656,53.087169686562405,96.65204443600648
2727,7.575,359.4226495674294,28.48876418043269,52.98870048235662,96.72071976967617
2728,7.577778,359.4666652290822,28.462772362701152,52.93369956927009,96.8138473849961
2729,7.580556,0.2208706612002409,30.17539021732476,51.84300959937889,96.99527596354524
2730,7.583333,0.2456559597585315,30.12569599034895,51.75826600160053,97.05511103598008
2731,7.586111,358.66723540923965,30.090938481086653,51.05659259766813,97.13848831978864
2732,7.588889,357.1004266857293,30.06011212897942,50.34643888409785,97.22172944177295
2733,7.591667,357.11378731802324,28.38492913389377,51.63794944572142,97.3146203742077
2734,7.594444,358.42077108087403,29.701298407966647,50.99156085775377,97.18769378805884
2735,7.597222,359.7168285533246,31.013398814346623,50.33613233500206,97.0600984714225
2736,7.6,359.0081174708522,30.61818055828911,50.27542650576207,97.16512293027557
2737,7.602778,358.29877526341744,30.221729071781667,50.21483341504242,97.27002061606679
2738,7.605556,357.5888480978358,29.82406359413283,50.15435355895002,97.37479097150904
2739,7.608333,358.75165390843165,30.331064736632996,50.01420879552599,97.60858122197523
2740,7.611111,359.9139167975948,30.834696682659505,49.87477950392967,97.84145884565511
2741,7.613889,1.07502514126468,31.334719300239755,49.73611416866706,98.0733427495222
2742,7.616667,357.6195209262994,29.68097964979016,49.8538753583222,97.68308081455015
2743,7.619444,357.6264865833726,29.62129503503762,49.79817569937752,97.78357723971
2744,7.622222,357.633447392384,29.561584828746106,49.742473046190355,97.88409024486857
2745,7.625,357.5231912451558,29.496489751901137,49.58710964929993,98.1485113115
2746,7.627778,357.4130527690363,29.430893536813564,49.432651129558124,98.41162401679806
2747,7.630556,357.30301531164173,29.364789061590486,49.27909314310176,98.67343477420741
2748,7.633333,357.3085917026382,29.30533508966328,49.23580909491858,98.75982387134925
2749,7.636111,359.299185022478,30.20337186479904,49.171972791736536,98.8123870951736
2750,7.638889,1.2904856470889126,31.07851141200451,49.1081634345762,98.86490726588852
2751,7.641667,1.2866950547358034,31.02593358070544,49.09900961637737,98.80959656109391
2752,7.644444,1.2829091619191608,30.973376741684483,49.089662325387565,98.75414830389312
2753,7.647222,1.2791252473361414,30.92080306899944,49.08011356808193,98.6985225194762
2754,7.65,1.313099025268107,30.94209129625097,48.87210558604177,98.91379044180265
2755,7.652778,1.3170089248838028,30.900540880335434,48.81883659167349,98.99030261259055
2756,7.655556,1.3209222322867706,30.858991376690135,48.76559549447168,99.0667862100347
2757,7.658333,1.2824965914606583,30.782659282534304,48.71527502734119,99.3004585362581
2758,7.661111,1.244052522329909,30.706292606530106,48.665548732194594,99.53336052433062
2759,7.663889,1.2056038724543736,30.62991891145183,48.616429709814426,99.76541209652724
2760,7.666667,1.2145855001000285,30.599853430801865,48.52060015475645,99.85603965732993
2761,7.669444,1.2235654178443447,30.56980191025633,48.42470279138105,99.94675811008987
2762,7.672222,1.2325500925128203,30.539742719033576,48.32866957525546,100.03763175132059
2763,7.675,1.220662787546976,30.499982491404452,48.24724081603837,100.13610299627757
2764,7.677778,1.2087788360072658,30.460225702215183,48.165846862872115,100.23455211497028
2765,7.680556,1.1968982365309664,30.420472364784118,48.08448849777842,100.33297829225928
2766,7.683333,1.2040685561036977,30.40393721840187,48.04750837886691,100.39737369929232
2767,7.686111,1.211242371264163,30.38739386020623,48.01053696270077,100.46178792186149
2768,7.688889,1.2184170996675157,30.37084824516632,47.97358763836628,100.52619772526663
2769,7.691667,1.278452096169941,30.369936658538414,47.982135335573446,100.46617377555563
2770,7.694444,1.3384616141928678,30.369008147358358,47.99064704745774,100.40592872599107
2771,7.697222,1.3984888284952195,30.36806203871221,47.999128641060366,100.34541792912913
2772,7.7,1.4070849528275229,30.359853942184493,47.765474944649654,100.89387746018255
2773,7.702778,1.416425296988571,30.369388111107234,47.75371720289587,100.77620079889486
2774,7.705556,1.4257706224870184,30.378927854297146,47.74195244181786,100.65801979520882
2775,7.708333,1.4112122279708856,30.31815192339448,47.71963235771467,100.76737607421055
2776,7.711111,1.435752625690247,30.318696026716204,47.603471115110736,101.05519136470215
2777,7.713889,1.46029440611259,30.31923756602854,47.48816990483499,101.34146434034395
2778,7.716667,1.4135376630757968,30.270291953548828,47.45771100889014,101.42268195026365
2779,7.719444,359.61562462182843,29.460650793888867,47.40852718604033,101.51588883451942
2780,7.722222,357.8175724880199,28.63153721130135,47.359342346112996,101.60914445202961
2781,7.725,357.7997113414613,28.56274265481771,47.35556786934136,101.67579655412906
2782,7.727778,357.7818415097008,28.494022687324808,47.3517277895573,101.74243026897102
2783,7.730556,357.7639629822351,28.425377262702845,47.34782229639276,101.80904544343156
2784,7.733333,357.77348221066876,28.44848630526566,47.23991695062253,101.89278923318749
2785,7.736111,358.16831830594094,28.546648738665922,47.29800488499356,101.87398143077893
2786,7.738889,358.1603368308098,28.5615648291678,47.229910128336655,101.9407234302967
2787,7.741667,358.15570094040356,28.556417219783718,47.24553688294196,101.81607987569467
2788,7.744444,358.15106735015235,28.551270810946896,47.26121161677338,101.69092301284178
2789,7.747222,358.1507195825982,28.520932106495728,47.2101489294314,101.81618272687007
2790,7.75,358.1347776543213,28.520587478828375,47.15258296078807,101.92668073121328
2791,7.752778,358.11883593379343,28.520244396700242,47.09502514441513,102.03722870567894
2792,7.755556,358.13969270995676,28.486722787225503,47.07677799095539,102.102146934161
2793,7.758333,358.1002921005061,28.487499476694914,47.037840279983214,102.16205300584275
2794,7.761111,358.06086776411297,28.48827636615657,46.99889189116928,102.22198274391421
2795,7.763889,358.0382851937284,28.43285000977393,47.01041039375791,102.28937347003502
2796,7.766667,358.03048708821785,28.42077271535372,46.99609316785295,102.33470516387905
2797,7.769444,358.02269462656193,28.408696248370106,46.98177528412988,102.3800466392938
2798,7.772222,357.9921849714411,28.40387784621148,46.90779292491894,102.60776325935664
2799,7.775,357.96186682698516,28.39906306548155,46.83427231046028,102.83450671337734
2800,7.777778,357.93173856925046,28.394251942395826,46.7612097411954,103.06028139920039
2801,7.780556,357.9367903795986,28.402619436080613,46.70841731636868,103.14398785210348
2802,7.783333,357.9502748527444,28.405602397833015,46.68359046304687,103.30053844865046
2803,7.786111,357.96376170233617,28.40858178342451,46.65879951492114,103.45718541016325
2804,7.788889,357.9290422365977,28.42446882363761,46.570587641946474,103.51909894147141
2805,7.791667,357.89435907244126,28.440365094863985,46.482299747631146,103.58107640560263
2806,7.794444,357.85972461992395,28.45626487358964,46.39396776125664,103.64309534418065
2807,7.797222,357.88769364619577,28.493390133638385,46.38833258480702,103.54223648034669
2808,7.8,357.9156518825082,28.53047859692574,46.382768718841234,103.4411049510982
2809,7.802778,357.9435993834653,28.5675303127003,46.377276512554744,103.33970000867424
2810,7.805556,357.87258897829105,28.5503685131417,46.34100899439283,103.3888882096296
2811,7.808333,358.0129433181504,28.600576105446372,46.30606687392846,103.44583022340608
2812,7.811111,358.15373728961276,28.650228011970874,46.271128834144356,103.50278023968319
2813,7.813889,358.15888267480995,28.647653944402855,46.24523540240431,103.5158119226351
2814,7.816667,358.14641376753394,28.637368704642185,46.21729504021239,103.57344675078406
2815,7.819444,358.13394827419904,28.627086396662953,46.18937565174861,103.63105815292636
2816,7.822222,358.1084875663097,28.56424618570167,46.140774690056155,103.7551274858998
2817,7.825,358.1023531210695,28.554939338418585,46.04304303979703,104.03612391243448
2818,7.827778,358.0962224773852,28.545629161491455,45.94606184624821,104.31572451931162
2819,7.830556,358.0871313601986,28.529207227995826,45.91985218277017,104.36505818642352
2820,7.833333,358.0378494473429,28.49523680420009,45.92281871371413,104.42532509956058
2821,7.836111,357.98854474244524,28.46124479208887,45.925805899621,104.48562223451579
2822,7.838889,357.97578784850225,28.40101254018908,45.9308487012915,104.5376865753674
2823,7.841667,357.9815631250341,28.37090313476051,45.89855590074023,104.57803897317534
2824,7.844444,357.98733675706575,28.340805153277167,45.866293689797686,104.6183659162472
2825,7.847222,357.9893748944964,28.35633825231998,45.911956917955116,104.25323762183126
2826,7.85,357.8387311757966,28.2991538311731,45.834512631488366,104.31519129724617
2827,7.852778,357.6887122100431,28.24138600372695,45.75706056509405,104.37715987908982
2828,7.855556,357.6771240264518,28.251372209522906,45.66924339547781,104.46889460027559
2829,7.858333,357.66554525686286,28.261361520604645,45.58149596831037,104.5605537695883
2830,7.861111,357.65396755960927,28.271361137429494,45.49375532920348,104.65220315145186
2831,7.863889,357.6650935736458,28.296577683220917,45.4451897368457,104.63168094512702
2832,7.866667,357.6463484045009,28.27847189277488,45.39589676388592,104.67904900967093
2833,7.869444,357.6276118629353,28.260363916900914,45.346641513520375,104.72638065635951
2834,7.872222,357.76848661968563,26.72364618407544,46.650039550185056,104.7905925109413
2835,7.875,357.69906545033444,27.500537806432668,45.9255013982062,104.82141763377176
2836,7.877778,357.63203251399403,28.286018180705128,45.19239306166314,104.85225222776971
2837,7.880556,357.2708749961318,26.485984571139028,46.44669323885786,105.01676675624195
2838,7.883333,357.738646852489,27.439536397478406,45.701412768364854,105.41117733991815
2839,7.886111,358.20078881199237,28.394576972076294,44.94703087673978,105.80480889964936
2840,7.888889,357.62724703976954,28.146960784186867,44.91487032756377,105.46989241233044
2841,7.891667,357.94571453711814,28.24170129340323,44.771304209930676,105.68531160220716
2842,7.894444,357.60339967598634,26.538427371123987,46.12860819813577,105.37835105042475
2843,7.897222,357.7902656608206,27.347004295167743,45.45388199218763,105.39791618773576
2844,7.9,357.97468424938637,28.161886174007904,44.77037485224983,105.41748734981104
2845,7.902778,357.9697150242092,28.080685310149015,44.76724496552473,105.47308182445612
2846,7.905556,357.96473591905095,27.99951542448155,44.76409856201738,105.52865248350733
2847,7.908333,357.95974872127493,27.91840585021108,44.76093683547725,105.58417914435343
2848,7.911111,357.9563330289564,27.899395870820832,44.66631213060461,105.8334533254213
2849,7.913889,357.95291882454717,27.880385158726178,44.57237453106419,106.08161540201795
2850,7.916667,357.9495061065991,27.861373717585856,44.47911864350687,106.32867122933469
2851,7.919444,357.6637341940906,26.334928392217627,45.55813671979234,106.3567330749573
2852,7.922222,357.8303846079952,27.086970520366272,44.92179325389364,106.22449859530143
2853,7.925,357.9949058863624,27.845375154698687,44.27668916702624,106.09179998541701
2854,7.927778,357.992850140518,27.819107623459274,44.205955173667775,106.15801661780318
2855,7.930556,358.00780337703617,27.812018548476892,44.141802152960445,106.20737065812962
2856,7.933333,358.0227513159374,27.80493107784808,44.07767811815628,106.25670455251857
2857,7.936111,358.02308519019726,27.77504175827754,44.00215709639268,106.4215924002156
2858,7.938889,358.0234186624967,27.745190734172823,43.92707065202358,106.58582746775666
2859,7.941667,358.02375173275004,27.71537793678779,43.85241625513619,106.74941299265647
2860,7.944444,358.0308917003894,27.702310668550126,43.79738296364761,106.8427634040422
2861,7.947222,358.0399629202947,27.688902072747993,43.77843588057611,106.70641230454788
2862,7.95,358.0490331258114,27.675494342401805,43.75925780530966,106.56957075203339
2863,7.952778,358.01773521867625,27.626104332253696,43.69012927051255,106.61136795118514
2864,7.955556,358.0262222763937,27.58299727510031,43.57379973201547,106.87507550934694
2865,7.958333,358.03470752132864,27.539841426855084,43.45882917629113,107.1369197505934
2866,7.961111,358.02973272171266,27.501069820891757,43.39219242582764,107.22013053827068
2867,7.963889,358.04161871013065,27.4894519246527,43.40209270302511,107.07351313235002
2868,7.966667,358.0535050438903,27.47783202500073,43.41194484174538,106.92595626656505
2869,7.969444,358.0337775878482,27.434273442387727,43.375602658989564,107.0209288875809
2870,7.972222,358.25898193309945,27.513929492459873,43.277663608852194,107.10813947327846
2871,7.975,358.4848951135583,27.592547408179314,43.17984638747181,107.19524920349748
2872,7.977778,358.49817240915985,27.606781324370573,43.041350096727236,107.69778339215047
2873,7.980556,358.50453234681436,27.613700480272236,42.962803966808586,107.51750681833508
2874,7.983333,358.5108900451496,27.620607719736853,42.88356457880829,107.3369750090602
2875,7.986111,358.5328316638443,27.63456320269676,42.79781492026177,107.41019151771451
2876,7.988889,357.79798106096075,25.836618598346746,43.92183083085193,107.53529775319016
2877,7.991667,357.0490944158662,24.024244895749042,45.04464270216444,107.66047803015194
2878,7.994444,357.07350571369756,24.005351999446056,44.94543346591859,107.74558509537039
2879,7.997222,357.0875199933321,23.990446164770283,44.90382531559451,107.8036026147203
2880,8.0,357.1015351688624,23.975541618940774,44.862273032716224,107.86156240100799
2881,8.002778,357.0919759060676,23.943047318349045,44.800428289751544,107.92326328048435
2882,8.005556,357.0824155516613,23.910540864674843,44.7386559851966,107.98492049878475
2883,8.008333,357.07285754770385,23.878033977427165,44.676978738918464,108.04651145659587
2884,8.011111,357.07242515996796,23.825602902811262,44.62966139876461,108.09252656824033
2885,8.013889,357.62225419236086,25.52796549112162,43.420924702953734,108.05145798318114
2886,8.016667,358.1646365555503,27.22487553247975,42.210165296053276,108.01039360553122
2887,8.019444,358.1579243144355,27.180159454605125,42.181016321171235,108.05989071204003
2888,8.022222,357.6298759087517,25.439469575164964,43.32517697010163,108.14896418193356
2889,8.025,357.0947435045431,23.692358654357346,44.46872244359784,108.23800174368495
2890,8.027778,357.093412676126,23.681793528890275,44.40943971775476,108.28992366993657
2891,8.030556,357.0918975676072,23.654086215890757,44.335969728330774,108.59354336899396
2892,8.033333,357.0903838246329,23.626387286091422,44.26356408399312,108.89477141616703
2893,8.036111,357.0837929817479,23.61798243222694,44.18538257527908,108.9520993764745
2894,8.038889,357.08259534903317,23.61311505310197,44.138912862279106,108.7825288152727
2895,8.041667,357.0814060373852,23.608252396384923,44.091865187286885,108.61212181640914
2896,8.044444,357.0871174632361,23.598715941585407,43.99906914653174,108.7872400340573
2897,8.047222,357.07145788087485,23.568427798568486,43.95414604806011,108.86621768672252
2898,8.05,357.0558034325998,23.538116222441367,43.909293789994116,108.94515262200767
2899,8.052778,357.52817072399495,23.717843726046077,43.82817342861129,109.03170021146946
2900,8.055556,357.0703977343593,23.539173773363224,43.782424893343276,109.10350271837564
2901,8.058333,357.07521187521183,23.541781889028908,43.64753428564697,109.53712627426177
2902,8.061111,357.0740029982398,23.566298856301504,43.58726247227764,109.56520255255298
2903,8.063889,357.07279613772096,23.590788042308525,43.52700044628081,109.59330158092445
2904,8.066667,357.54333711699473,23.765855933777917,43.48127920377261,109.63862194310636
2905,8.069444,357.53565216003636,23.75805694855788,43.37334623592625,109.71851519739653
2906,8.072222,357.52796562053777,23.75025408750316,43.26543436628713,109.79846289628324
2907,8.075,357.52426798525306,23.744562287940784,43.27197145431825,109.68389083482494
2908,8.077778,357.52057110886057,23.73886872449786,43.278491643592396,109.5687334443612
2909,8.080556,357.51687499159846,23.733173397167977,43.284994781901446,109.45298725509241
2910,8.083333,357.11872634874095,23.580042119128937,43.234535833591124,109.51847144516773
2911,8.086111,357.12118892302095,23.57726715854713,43.16137347619911,109.60577515447709
2912,8.088889,357.1236507891911,23.57449030621552,43.08831903826343,109.69296743117089
2913,8.091667,357.14252634479016,23.5843013653685,43.03616781172183,109.73875798614205
2914,8.094444,357.13746575292856,23.58558538943739,42.9978497118548,109.78285112431992
2915,8.097222,357.13240842357146,23.586871984163952,42.95948758691529,109.82699193848049
2916,8.1,357.13434658784763,23.533525535681935,42.9365692495478,109.89639459350296
2917,8.102778,357.1303592569926,23.52776590405587,42.894113587428876,109.9313958228588
2918,8.105556,357.12637769067464,23.522008114247125,42.8516614665504,109.96639521938754
2919,8.108333,357.25076391352155,23.56137803573851,42.32035465065543,109.9977414944607
2920,8.111111,357.3753808649956,23.600326878886914,41.78341876201579,110.03896758871286
2921,8.113889,357.5001971709665,23.638845707429347,41.24106589978168,110.09006468656186
2922,8.116667,357.09994566531236,23.489413112849057,42.385064241519885,110.61615158451953
2923,8.119444,357.10047167310154,23.483700602478763,42.33952175055463,110.65620946527633
2924,8.122222,357.1010016596957,23.477987149918487,42.293987505373224,110.69626679256679
2925,8.125,357.46325250290045,23.598995818094366,42.27848957070758,110.72861692365234
2926,8.127778,357.47376978528985,23.63368960877898,42.215473726526504,110.74178435781198
2927,8.130556,357.4842891824196,23.668343019565047,42.15246462849446,110.75499713266039
2928,8.133333,0.8937461125590218,25.248531346790614,42.1427539119725,110.77679283973157
2929,8.136111,359.01603111839586,24.394112442055217,42.22065840544634,110.54795319686431
2930,8.138889,357.13887301390275,23.519146990533056,42.29912985790359,110.31718000145482
2931,8.141667,357.1354717516401,23.516193466491377,42.246349585898784,110.29468050533308
2932,8.144444,357.13207002076837,23.513237794660565,42.19364127082736,110.27164104145088
2933,8.147222,357.1286653723789,23.51027784683065,42.14096705888268,110.24804108494772
2934,8.15,357.1339449658234,23.500699506263558,42.09834556426922,110.29518590663723
2935,8.152778,357.13589181352165,23.473382886460602,42.05032141657807,110.47139613920675
2936,8.155556,357.1378368579053,23.446039874744194,42.002337314217876,110.64634898128327
2937,8.158333,357.16346545217976,23.462687343504854,41.93260382702749,110.68502236845806
2938,8.161111,357.1890958601049,23.479326974287467,41.86285870033809,110.72361251032643
2939,8.163889,357.2147188690309,23.495952780673942,41.79312726235627,110.76210493926905
2940,8.166667,357.21637673630954,23.466210434495327,41.745036969255544,110.82840510567546
2941,8.169444,357.2506956960466,23.47807483350656,41.70574518770732,110.85853196038694
2942,8.172222,357.28501487966224,23.489909716103096,41.6664459151633,110.88865800878084
2943,8.175,357.29706944077304,23.520856042420032,41.43876233499914,111.37411549530754
2944,8.177778,357.4071497243704,23.5356421809531,41.40401184972035,111.3806118281828
2945,8.180556,357.51754414416547,23.549928803704244,41.369363027681665,111.3871811300219
2946,8.183333,357.4367686255272,23.516667868480784,41.33168077490403,111.4240950943825
2947,8.186111,357.3563496881842,23.483260896459605,41.29399736262649,111.46101288631684
2948,8.188889,357.2763086918741,23.449718275271152,41.256326448969894,111.49792112416579
2949,8.191667,357.52965113608553,23.485734693138554,41.24912669548653,111.53833617125264
2950,8.194444,357.5258685355481,23.466879672798235,41.20312359538742,111.58008509516641
2951,8.197222,357.52208600758996,23.44801940455573,41.15709772369592,111.62187245379255
2952,8.2,358.22656649751826,25.17235471068937,40.0833617615883,111.66972339131786
2953,8.202778,358.2255593306147,25.165623377509547,40.04732039799245,111.70500745449951
2954,8.205556,358.22455373506995,25.158894857044253,40.01128027396755,111.7402904055575
2955,8.208333,358.22198003392276,25.152834294771175,40.04530584973982,111.5730213299829
2956,8.211111,358.2194082433418,25.146772518889016,40.07948572366592,111.40464403464983
2957,8.213889,358.2168392905856,25.140711713165317,40.11380902581111,111.23521060649769
2958,8.216667,358.1942261980292,25.116163161410803,40.06459070155598,111.25959575955383
2959,8.219444,358.19052081026683,25.11804862421871,40.00690104917859,111.276824697158
2960,8.222222,358.1924028312487,25.10621431636379,39.98079251472472,111.30879073578771
2961,8.225,358.1246097279547,25.090510293900884,39.942669800922765,111.37749405166753
2962,8.227778,358.05740467482116,25.074740690863194,39.90455755529328,111.44610448117332
2963,8.230556,358.0535112180122,25.06531859982308,39.86289868831485,111.49742974243324
2964,8.233333,358.04962153023655,25.05590292709259,39.821264708161344,111.54872557320707
2965,8.236111,358.0457328100899,25.046486892283234,39.77962571952825,111.60002882598647
2966,8.238889,358.05181075432995,25.04644542863395,39.70305339053177,111.73208805484543
2967,8.241667,358.05038258916045,25.032595066487353,39.576896433023,111.9247277076713
2968,8.244444,358.0489608982777,25.018752542977538,39.45182455772941,112.11621556951232
2969,8.247222,358.02779529320327,25.011149610214787,38.98617281695989,111.90187392122382
2970,8.25,358.0066345526892,25.003554809041532,38.51360837985186,111.7002924577601
2971,8.252778,357.98547867963816,24.995968123501683,38.034047341989584,111.51167031936127
2972,8.255556,357.9876115043672,24.977254213273056,37.98540743891494,111.55278102412451
2973,8.258333,357.98974370355705,24.95854817447472,37.936759328037375,111.59388907615107
2974,8.261111,357.99187681283934,24.939836540178035,37.88806815604144,111.63502389815824
2975,8.263889,357.98961219765727,24.93187078886315,37.850375845151625,111.7041452496563
2976,8.266667,357.9873510553029,24.923908251876583,37.81267862744178,111.77327722749415
2977,8.269444,357.9850941958987,24.915951794178625,37.774990158300824,111.84239486048644
2978,8.272222,357.97196096173445,24.903004764210763,37.7430115946964,111.88021862758524
2979,8.275,357.9670441574819,24.865992592836534,37.70855203289533,111.92130507405005
2980,8.277778,357.9621285311396,24.828922644713607,37.674217168174515,111.96231716945968
2981,8.280556,357.97564010512855,24.820507475292153,38.10502801363359,112.00328466026055
2982,8.283333,357.989146174491,24.812093292731163,38.531873532417336,112.05204218603224
2983,8.286111,358.00265646607096,24.803674037798196,38.95507054538204,112.10860672959653
2984,8.288889,357.99309680355003,24.74678077678096,38.947100939305514,112.15088047233928
2985,8.291667,359.7345435452939,25.573249604712643,38.87163816316753,112.12654569238305
2986,8.294444,1.4755923093049361,26.379497119038277,38.796229743107844,112.1022517955518
2987,8.297222,1.4721296327483255,26.361755071939257,38.7711698121383,112.15336150380104
2988,8.3,1.4686668471513684,26.344030370103944,38.74609155254517,112.20447617936846
2989,8.302778,1.4652039525104836,26.326322989051043,38.720995032613146,112.25559578040229
2990,8.305556,0.4161710590841796,25.832050402244967,38.159017345395355,112.31389305829288
2991,8.308333,359.3665879505815,25.333972480234095,37.59218517391378,112.38211236028836
2992,8.311111,358.3158034625835,24.83175238777374,37.02014211435805,112.46026117274504
2993,8.313889,358.3201501750576,24.819311872073506,37.35384968123037,112.77994320442994
2994,8.316667,358.32449715324225,24.80687325483356,37.681489363459086,113.10609971582164
2995,8.319444,358.3288428323411,24.794441015069516,38.00310082141013,113.43829804962628
2996,8.322222,358.0710339554768,24.149048664304566,38.39364779738212,113.33145500318885
2997,8.325,357.813291801765,23.50019068309148,38.78773571178132,113.22408730161165
2998,8.327778,357.55562662610714,22.847866262500425,39.18537569315421,113.11619179371239
2999,8.330556,357.54796201768295,22.806665524108364,39.17193588593722,113.15620116105403
3000,8.333333,357.54393605009756,22.769363020170772,39.12591133791662,113.22432436441493
3001,8.336111,357.5399086275105,22.731976021782515,39.08003587023013,113.29236906754946
3002,8.338889,357.58492878730937,22.813882056848204,38.85884735750364,113.41980244585324
3003,8.341667,357.59781713515537,22.77278524271361,38.823385243828895,113.46190249410019
3004,8.344444,357.61069935311843,22.731685049267394,38.78800344592329,113.50394594664978
3005,8.347222,357.6134377514824,22.724945084492013,38.72689190002975,113.49400936920915
3006,8.35,357.6161762979377,22.718205947995884,38.66576937435098,113.4841186974235
3007,8.352778,357.61891499250356,22.71146764020821,38.604636078791565,113.4742740124549
3008,8.355556,357.63312322331484,22.693319361864145,38.5768259021285,113.4929680099639
3009,8.358333,357.64368997466227,22.686464776384998,38.54469431772601,113.59175989303127
3010,8.361111,357.65426102336534,22.67961236049517,38.512544482145536,113.69068073475349
3011,8.363889,357.65758597592077,22.66521896718782,38.4677340952717,113.72964170047119
3012,8.366667,357.6618185580865,22.665209240172384,38.42206136020063,113.75593301793275
3013,8.369444,357.66604893414404,22.665196501898212,38.37637901539537,113.78224368396913
3014,8.372222,359.3719793780433,23.450271343741047,38.322846878626926,113.82171892840273
3015,8.375,1.0759753716828655,24.225129772187245,38.26931933169802,113.8611921860755
3016,8.377778,1.0669039020967972,24.189348384421535,38.22100621289759,113.96014081288698
3017,8.380556,1.0866354580267608,24.187746921193096,38.16778239521318,113.9483801613432
3018,8.383333,1.1063609249440542,24.18614775045721,38.114480657013615,113.93663580895748
3019,8.386111,1.1553241641479328,24.19935597801335,38.074330210897706,113.97787295902165
3020,8.388889,1.1611117183727888,24.181145938247333,38.04659826961345,114.01657016907016
3021,8.391667,1.1669001839469662,24.1629540804866,38.018864851389665,114.05524853177893
3022,8.394444,357.3817115739358,22.41318677926014,38.007495151183065,114.08659732572059
3023,8.397222,359.307984786879,23.283696963143736,37.975676977470506,114.04317603019751
3024,8.4,1.2352721710205259,24.130185065109117,37.943862718221176,113.99978948560295
3025,8.402778,1.2450283051082796,24.12056903537257,37.8797621082623,114.06627027140436
3026,8.405556,1.2875453738880864,24.112048707702037,37.849890092734384,114.19799589661676
3027,8.408333,1.3300436509805085,24.103494705374608,37.82012968168335,114.32975195435162
3028,8.411111,1.3481968810378664,24.100754531836344,37.743529918946756,114.36008549884727
3029,8.413889,1.3648193855313355,24.102569583771533,37.69987949285057,114.22245232919896
3030,8.416667,1.3814411971396794,24.104387973435543,37.65585508806747,114.08437341430293
3031,8.419444,1.3728482070390893,24.08391175801348,37.63091221555432,114.10839074275088
3032,8.422222,1.3715920620604667,24.071549820123714,37.584383420735875,114.1447171568924
3033,8.425,1.3703359108368964,24.059187696545116,37.53785845716962,114.18104002054079
3034,8.427778,1.3910590105824934,24.05549863597988,37.510559177801994,114.21822144614379
3035,8.430556,1.3756462492477155,24.033712659153565,37.472877651257825,114.25116848992336
3036,8.433333,1.360238346004019,24.011936672193237,37.43520577193085,114.2841035038333
3037,8.436111,1.3270853006699976,23.99675690592457,37.38245218215525,114.34296555570121
3038,8.438889,1.3179875876290303,24.001924569220236,37.33513556153365,114.37541721415363
3039,8.441667,1.3088899980213018,24.00707036500161,37.28781855243452,114.40789159064484
3040,8.444444,1.2946379748741155,23.98332371213258,37.24828818065436,114.40086773695981
3041,8.447222,1.2803801324253943,23.959566887708355,37.208749073444864,114.39386394971892
3042,8.45,1.266121603012289,23.935808445353793,37.169215571577844,114.38688279167019
3043,8.452778,1.2773066448797579,23.92444883298954,37.13145962897328,114.57958326331512
3044,8.455556,1.2542592240664163,23.899189046374985,37.09833933938418,114.61021116465858
3045,8.458333,1.23121881870507,23.873937892050606,37.065233669285476,114.6408247812674
3046,8.461111,1.2332300363454554,23.86254270128459,37.03985375441289,114.66676471569808
3047,8.463889,1.2252092975308422,23.846303088777347,37.01473740702707,114.69561012383731
3048,8.466667,1.2171886709561672,23.830060740169074,36.989630231018445,114.72444732256713
3049,8.469444,1.2153255890297956,23.816119271578174,36.9893178891013,114.86359308950227
3050,8.472222,1.2134619326259575,23.802172812965264,36.989064975808816,115.00244891521359
3051,8.475,1.211598372674061,23.788226385533942,36.98887115322148,115.14096475979898
3052,8.477778,0.08782555675111325,23.259014471870934,36.9183780835924,115.19153483617
3053,8.480556,358.9641662805537,22.721955113441908,36.84793714545592,115.24210495991002
3054,8.483333,357.8409105630188,22.17714987558715,36.7775741746979,115.29265649401988
3055,8.486111,357.83440313379333,22.158542271152772,36.74411384730951,115.19880935608444
3056,8.488889,357.8376853685255,22.12594685308522,36.72557851253116,115.30805600223421
3057,8.491667,357.8409677522915,22.093329114522643,36.70709672038956,115.41734456365971
3058,8.494444,357.8496202092981,22.379814225844495,36.427280034061404,115.37698830634707
3059,8.497222,357.8485448489693,22.358823414090537,36.409192018991405,115.4030568713927
3060,8.5,357.8474689955743,22.337831930967372,36.39110083374566,115.42912522601334
3061,8.502778,357.8459101940217,22.0422827286455,36.56316560463825,115.41124734311335
3062,8.505556,357.8432888773933,22.02901826823198,36.54812325319769,115.3440722040961
3063,8.508333,357.84066842620433,22.01575959061358,36.53289017132185,115.27652217508118
3064,8.511111,357.8317133335813,21.985662972864827,36.50042974365858,115.32159415449577
3065,8.513889,357.82300667017944,21.955719901206663,36.46800154512179,115.36663280190577
3066,8.516667,357.81454786447637,21.925928693113352,36.43560558254461,115.41163811115172
3067,8.519444,357.81582645713974,21.950420052637554,36.55366972183977,115.71472996220807
3068,8.522222,357.81762198831575,21.942974098059654,36.450795811677445,115.58924080203256
3069,8.525,357.8194178223664,21.935527930814658,36.34703588214561,115.46393518867634
3070,8.527778,357.82012671769417,21.91870644865105,36.305309227580516,115.81554225880048
3071,8.530556,357.8209334161366,21.917550749609443,36.25982963434628,115.858052929898
3072,8.533333,357.8217398639431,21.916395335319134,36.21437484541283,115.90054022422872
3073,8.536111,357.81426982007355,21.911668299123814,36.174613576082294,115.93508297141823
3074,8.538889,357.8067995719205,21.906941020072637,36.13485274113883,115.969625664856
3075,8.541667,357.81994789308806,21.90567463802786,36.08272533413578,115.92812892517448
3076,8.544444,357.83309247653943,21.904408941340762,36.030404906763856,115.8866462178856
3077,8.547222,357.8462427882653,21.903143018469017,35.97785266349434,115.84514863715565
3078,8.55,357.7873334281975,21.877732479885065,35.93412424731611,115.83736320422445
3079,8.552778,357.72864783294307,21.852216685972646,35.890423727877675,115.82959305850129
3080,8.555556,357.6701819159895,21.826594709598627,35.84675123396885,115.8218382360951
3081,8.558333,357.85099888069504,21.877697435289683,35.79516715972402,115.84769771015216
3082,8.561111,357.749355148567,21.84251871020072,35.76491812580304,115.87611068707791
3083,8.563889,357.64816909265784,21.80704493964993,35.73466380042544,115.90452656116928
3084,8.566667,357.6321131325156,21.79294599803698,35.71044031099614,115.92942316380105
3085,8.569444,357.61606468045983,21.778850878744894,35.68622483471129,115.95430859646207
3086,8.572222,357.60001217606447,21.76474942981264,35.66199995185591,115.979200760436
3087,8.575,357.59086138372095,21.761602522682917,35.656591012991164,116.15692385313481
3088,8.577778,357.5817090965493,21.75844876741895,35.65119655396207,116.33429716994398
3089,8.580556,357.57255531350614,21.755288172987026,35.64581649322545,116.51131849022401
3090,8.583333,357.5982759571425,21.77043841383424,35.554345196255056,116.42263718962529
3091,8.586111,357.62400601257133,21.785594507033966,35.46235700879771,116.33399722822556
3092,8.588889,357.64973621514395,21.800750995317745,35.36988136542761,116.24543611733576
3093,8.591667,357.62958461134275,21.760396049028763,35.34931203685728,116.22487130398206
3094,8.594444,357.63216718525484,21.73796091639548,35.41286211147957,116.42869922213369
3095,8.597222,357.63475077218624,21.715516937239467,35.47599651494275,116.63209790072652
3096,8.6,357.6418630085097,21.694875121263113,35.45979058203095,116.64603534320683
3097,8.602778,357.65663670110627,21.693340922412478,35.34006147677351,116.48339655286269
3098,8.605556,357.67141244409163,21.691806147333498,35.21912011613291,116.32091205389004
3099,8.608333,357.68668674734863,21.664651989203403,35.19005750748362,116.31756420884342
3100,8.611111,357.7019707759459,21.63743933169647,35.16107397118376,116.31420621770702
3101,8.613889,357.71725902996275,21.61017782565868,35.13218017125551,116.31083932388084
3102,8.616667,357.75200981286423,21.614131705827162,35.10884969377134,116.32959763284809
3103,8.619444,357.767630928546,21.611207630825902,35.07778434044465,116.35400921789669
3104,8.622222,357.7832582996262,21.608279308731372,35.04671187041603,116.37842488075212
3105,8.625,357.7809118777385,21.60046402951891,35.007890447447984,116.40191251865873
3106,8.627778,357.7879823268177,21.59761750264724,34.938990331774086,116.60387030223124
3107,8.630556,357.79505308867783,21.594771638844193,34.87066315585003,116.8045320707575
3108,8.633333,357.79880858122885,21.555819728503664,34.96253598338687,116.83953302849038
3109,8.636111,357.80484499637583,21.55269445251324,34.92399169254877,116.85287004949357
3110,8.638889,357.8108806868329,21.54956913701916,34.88544693132716,116.86619418170405
3111,8.641667,357.82425648126764,21.5626022151963,34.72338588473306,116.88477138417635
3112,8.644444,357.82288320052254,21.559629165600683,34.681923346607945,116.91482566851637
3113,8.647222,357.82150825718526,21.556654194895778,34.640439538365854,116.94488998599685
3114,8.65,358.41853097050506,21.83318101062229,34.62796910447794,116.94661502259699
3115,8.652778,359.01563210217824,22.107410099593352,34.615491616887965,116.94834830721145
3116,8.655556,359.61283346643023,22.379357691283925,34.60300706314883,116.95008984841395
3117,8.658333,0.20781562473066195,22.63631072650716,34.60016033660268,116.97098596969933
3118,8.661111,0.8031596552048104,22.891131423173633,34.597321835387184,116.99187986031932
3119,8.663889,1.3986714872608754,23.143743460731432,34.594492574318124,117.01276400511237
3120,8.666667,1.4070271817187088,23.14828181535108,34.506800717130695,116.92466801214353
3121,8.669444,1.4153796962507155,23.15281873782212,34.41863674192665,116.83671430852148
3122,8.672222,1.4237350463535332,23.15735749512981,34.32993335451256,116.74884549999278
3123,8.675,1.4109308950842099,23.134140248676793,34.281956552764946,116.77914921882196
3124,8.677778,1.4048007794234962,23.117587126406892,34.26186924713686,116.77372997586507
3125,8.680556,1.3986708960932024,23.101037676856606,34.241753532867406,116.76831747072193
3126,8.683333,1.4030485941582782,23.08856746693444,34.19626619048847,116.83128851980844
3127,8.686111,1.4074277048065937,23.07606907920226,34.15087902070237,116.89418782042544
3128,8.688889,1.4118066516021148,23.0635469453984,34.1056083982233,116.95699276185032
3129,8.691667,0.9850971793322341,22.85816246515073,34.081135508680916,116.9876669857935
3130,8.694444,0.9883566146026244,22.8524952429415,34.05511930139273,117.0116767737628
3131,8.697222,1.0062916702531464,22.846559129212583,34.02175630960281,117.04128275517193
3132,8.7,1.0242216690122063,22.84062638834124,33.988388457824485,117.07088867038432
3133,8.702778,1.0421466137896545,22.834697020723702,33.95501579395331,117.10049447225684
3134,8.705556,1.044116606957319,22.83381407349179,33.93241163761199,117.12729411731921
3135,8.708333,1.0500058786528417,22.828230982481127,33.884786734918,117.31531157381205
3136,8.711111,1.0558966692414415,22.822648361332437,33.83754087311,117.5023114450638
3137,8.713889,0.1661121278884714,22.395474582169616,33.800154638960386,117.47737697993598
3138,8.716667,359.2758499188936,21.9647815591371,33.7625517451619,117.45245862159338
3139,8.719444,358.3854651352489,21.53072482912589,33.72474467289378,117.42756606188804
3140,8.722222,358.3856051866184,21.522195474797535,33.696797400944575,117.33762278690257
3141,8.725,358.38354596490274,21.493899177909906,33.72703134467914,117.2956914403028
3142,8.727778,358.3814866757344,21.465695324350584,33.75718180802081,117.25374000410257
3143,8.730556,358.3849715113732,21.45052634546696,33.740841473394774,117.26885230908344
3144,8.733333,358.3860888815289,21.427309381947158,33.73626463302658,117.28066134375236
3145,8.736111,358.38720662437925,21.40409226063701,33.73168414521976,117.2924711300035
3146,8.738889,358.3869928054355,21.385847234636294,33.71855661460919,117.31470176583501
3147,8.741667,358.3867789655472,21.36760953180432,33.70542623867688,117.33692532188554
3148,8.744444,358.3865651817009,21.34938571307912,33.692297764708336,117.35913378263568
3149,8.747222,358.39335978073433,21.362659259500834,33.65395943856915,117.3993051165772
3150,8.75,358.2898390198362,21.319005425265463,33.602115707096054,117.42587153038748
3151,8.752778,358.1867801100422,21.27505781642413,33.5502749792364,117.45246063556623
3152,8.755556,358.20426982431945,21.260860535063845,33.50061631850818,117.42434910080574
3153,8.758333,358.0415798260857,21.145812975270513,33.46754411076911,117.43136436899933
3154,8.761111,357.87882170093854,21.030515150650466,33.43447268803539,117.4383775771248
3155,8.763889,358.21991552720914,21.162984820517888,33.42040703680907,117.677827485361
3156,8.766667,358.05371697738764,21.07633655339368,33.38958441757428,117.69700259383389
3157,8.769444,357.8875858654917,20.989556320441686,33.358770402363085,117.7161666785964
3158,8.772222,357.9604223849382,20.973523641759712,33.35501711714509,117.72307708664503
3159,8.775,358.0335190931905,20.957336634196512,33.351299887056385,117.73001619770794
3160,8.777778,358.10688260589865,20.940997091136044,33.347618671410686,117.73698385169946
3161,8.780556,359.20287114019334,21.442846988891503,33.332805031086394,117.715642500568
3162,8.783333,0.2976734632275786,21.940001625018173,33.31792684523386,117.69432496523989
3163,8.786111,1.39197139921178,22.43280024679592,33.30297344115084,117.67301602034875
3164,8.788889,1.3875414955110426,22.415091195378213,33.26275936376799,117.69308452952068
3165,8.791667,1.3831121034704736,22.397391751552995,33.222533627144784,117.71316140954131
3166,8.794444,1.3786848171991704,22.3797082765824,33.18231083861372,117.73323934318144
3167,8.797222,357.93709156816846,20.811467936770093,33.100913614032194,117.78632137604312
3168,8.8,358.08563319626467,20.834920387188944,33.098863141663905,117.78788150620359
3169,8.802778,358.23476091524014,20.85778040467269,33.09679628750627,117.78943865766736
3170,8.805556,357.9448817381096,20.751189591435093,33.03447263240444,117.89663469783217
3171,8.808333,357.94227612900113,20.72848988506264,33.01076552901715,117.90044599652721
3172,8.811111,357.93967014141896,20.705789164960493,32.987018667996445,117.90427458532533
3173,8.813889,357.9517454925485,20.691333317632356,32.629687616879984,117.97738700722756
3174,8.816667,357.963817722364,20.676882435643577,32.270751660201775,118.05311538443367
3175,8.819444,357.975882487478,20.66244171812022,31.91036264089356,118.13142021578786
3176,8.822222,358.04154379431344,20.678084747440295,32.18424873732055,118.07006280109711
3177,8.825,358.1073533460624,20.693535427569188,32.45682582678021,118.01043604799624
3178,8.827778,358.1733176666083,20.70879610384695,32.728092368553185,117.9525375728273
3179,8.830556,358.20668272055246,20.749461327246166,32.62952376622962,118.10357586497504
3180,8.833333,358.24003383605987,20.790096512969868,32.531407783680116,118.2539219528983
3181,8.836111,358.2733950217851,20.830730934902693,32.433671199104666,118.40368770950427
3182,8.838889,358.2676937165472,20.805534645419534,32.47722660469432,118.19158831301446
3183,8.841667,358.27813452286733,20.80019729647642,32.04233730551792,118.24222839772445
3184,8.844444,358.2885714909777,20.79487075519445,31.605424072782185,118.29808776863224
3185,8.847222,358.3125460421128,20.742444853194055,32.44361107503201,118.20692555955308
3186,8.85,358.3035082248957,20.722906556526606,32.42185859783767,118.22433045621882
3187,8.852778,358.29447197200227,20.703373965806342,32.40011114316871,118.24172180791156
3188,8.855556,358.2984389183658,20.68564557057131,32.354680250624774,118.26948539604565
3189,8.858333,358.30240446311814,20.667935334555683,32.309297426029566,118.29714307182807
3190,8.861111,358.3095828414842,20.655724276395897,32.3019333348363,118.2974306293536
3191,8.863889,358.30928553673414,20.64463692194206,32.250868280602894,118.30959132516587
3192,8.866667,358.3089894094441,20.63355784146368,32.19976045299015,118.32179971432434
3193,8.869444,358.187334454484,20.582744243500386,32.17277772543796,118.34705523928581
3194,8.872222,358.06611112954755,20.531584619928697,32.14577929261351,118.37230998923418
3195,8.875,357.94534744736876,20.480092497138322,32.118774920877584,118.39755482354384
3196,8.877778,358.07312025019525,20.50781051621918,32.11695775282504,118.40459806871793
3197,8.880556,358.20125296142686,20.535149305655587,32.11509037098212,118.41165126540791
3198,8.883333,358.3297156464669,20.562104818830967,32.1131735932406,118.4187118762046
3199,8.886111,359.5267368642014,20.299298037195815,33.431115594497655,117.91520478226956
3200,8.888889,0.7223794059855333,20.048663731295697,34.72970059296889,117.41446916453704
3201,8.891667,1.9164540462401085,19.80997428218294,36.00905433662844,116.91654941354359
3202,8.894444,1.9009013288544274,19.78644091471022,35.956626810793146,116.93012812788002
3203,8.897222,1.885341891587169,19.762906482758865,35.904110853362056,116.94369956940004
3204,8.9,1.8697813352411927,19.739379458191262,35.85152543505396,116.95725868731215
3205,8.902778,1.8526223499908223,19.683674511332327,35.82637061305249,117.00742929767712
3206,8.905556,1.8455086761571486,19.651090395780248,35.820378459719294,116.98299077107639
3207,8.908333,1.8383974464887842,19.618537189720108,35.81434318842451,116.95870709607719
3208,8.911111,1.828387321284664,19.597963801322614,35.79270620626876,116.97466019093632
3209,8.913889,359.89464954933624,18.70230290850449,35.772689315978795,117.00860178247244
3210,8.916667,357.96113142347014,17.78381836502142,35.752725780194716,117.0425058908613
3211,8.919444,357.9421528557099,17.779282697494008,35.742970215244135,117.04732023808943
3212,8.922222,358.1353792503962,17.84044317197775,35.706908318423004,117.08155955203081
3213,8.925,358.32933827429196,17.90056397081991,35.67086681148612,117.11578197993857
3214,8.927778,358.3334131207568,17.72287217774969,35.77281892178904,117.00512848885425
3215,8.930556,358.3234270997818,17.6990117417938,35.74778015400537,117.02161885456873
3216,8.933333,358.31344538736425,17.67518382541676,35.72271421400101,117.03812781095233
3217,8.936111,358.2230424331782,17.63293402744696,35.696283353526525,117.1453831408207
3218,8.938889,358.1330154040622,17.590464966119086,35.66982303733787,117.25286381982998
3219,8.941667,358.04335324342327,17.54777361504284,35.64333329423746,117.36057061189923
3220,8.944444,358.0431342826279,17.531947888918236,35.79279912755515,117.47380757142479
3221,8.947222,0.03882700815835882,18.444639957471974,35.69606452655615,117.4911926280703
3222,8.95,2.0337565383607377,19.33439796023523,35.599178091754396,117.5088400499795
3223,8.952778,2.0622040483026165,19.491462230427967,35.331766290931306,117.492082055496
3224,8.955556,2.0906538521427915,19.64864036588885,35.06331536936331,117.47578516260681
3225,8.958333,2.119095704589805,19.80587415806991,34.79391515418952,117.45996347148333
3226,8.961111,2.1238642361992124,19.82422821332047,34.75945038320684,117.56396457162016
3227,8.963889,2.1237354775892605,19.802018479755915,34.73988307348199,117.58358304529467
3228,8.966667,2.123607793498641,19.779820317193114,34.72033030439702,117.60318779715554
3229,8.969444,2.1173150690302336,19.766317496912276,34.68389574624511,117.60722916528796
3230,8.972222,2.1110196505597223,19.75281458708901,34.647430125703295,117.61129414455816
3231,8.975,2.1047238040919467,19.739316449705644,34.61094662951944,117.61538126948706
3232,8.977778,2.0756250417651394,19.714774595447984,34.595366671580464,117.61981385831196
3233,8.980556,2.067417936779419,19.700364702596907,34.57073517130662,117.63821519147514
3234,8.983333,2.0592144658472478,19.685970000229585,34.54613050633532,117.65660590914631
3235,8.986111,2.043313586817602,19.666596882963816,34.523447912119586,117.66258507025238
3236,8.988889,2.0274134163980637,19.64722623337735,34.500747784373814,117.6685803859502
3237,8.991667,2.011513955936989,19.627858053757457,34.47803014913414,117.67459185042595
3238,8.994444,358.2163387285291,17.888716734602333,34.445817667638586,117.6431695002314
3239,8.997222,358.21847081299404,17.882312351499795,34.42439280972137,117.56842478574775
3240,9.0,358.2205987971978,17.875907045996822,34.40296300851955,117.49382436837281
3241,9.002778,358.28002454080877,17.888059450134286,34.36530506907603,117.49486062667894
3242,9.005556,358.3396921890256,17.90008492230573,34.32763937955482,117.49591155544233
3243,9.008333,358.39958630393846,17.911980764127502,34.28997954251461,117.49697676537919
3244,9.011111,358.3861193051842,17.90732069760274,34.25190719043297,117.49545285892155
3245,9.013889,358.3864370832124,17.907971648810932,34.2221668281746,117.51325573095879
3246,9.016667,358.391131876622,17.912188934688864,34.204977462738064,117.51753205926202
3247,9.019444,358.39582368342735,17.916405057469742,34.187791822286684,117.52180058337451
3248,9.022222,358.40051588226896,17.920623052872394,34.17059753690603,117.52606436970022
3249,9.025,359.1548139156841,19.77332389801189,33.055036472925515,117.56610708276976
3250,9.027778,359.1602286960409,19.777644419786782,33.05223501844917,117.65217573078165
3251,9.030556,359.16564299604886,19.781964925405493,33.049435435782556,117.73835990874825
3252,9.033333,359.15449763664213,19.77312548531451,33.03517268360708,117.74678434097352
3253,9.036111,359.1501390038909,19.7806530124586,33.01501072945073,117.76162348394855
3254,9.038889,359.14577847538186,19.788180339098375,32.99484768837232,117.77646325769773
3255,9.041667,359.07504087225703,19.765404368398716,32.951125265383126,117.80920964936708
3256,9.044444,359.0828255977767,20.674932259389728,31.426957274334114,118.42333198897502
3257,9.047222,359.0906135958268,21.604104636980434,29.879432342568016,119.04116884957104
3258,9.05,359.0780876025376,21.593869816072576,29.873630298320563,119.05344355155403
3259,9.052778,359.0880204139404,20.68339449852452,31.402709813421225,118.44972130658253
3260,9.055556,359.0979478323133,19.79300686692498,32.9083057091829,117.84938987242238
3261,9.058333,359.09393983601944,19.795798641852834,32.88407362201355,117.86217606547505
3262,9.061111,359.08993030971783,19.79859236595126,32.8598246519813,117.87497887916867
3263,9.063889,359.08592069733214,19.80138703354509,32.83556753585221,117.88779369967112
3264,9.066667,358.8196693490861,19.170449234439864,33.17923446676488,117.8439835339288
3265,9.069444,358.5535692515781,18.53704154382642,33.52550845825627,117.8002752645363
3266,9.072222,358.28743867393354,17.900721240834404,33.87463535379907,117.75663760937114
3267,9.075,358.28258982111475,17.899073363141913,33.86030106535125,117.76148703610853
3268,9.077778,358.2589966280041,17.901864905625768,33.83914982203705,117.78351399379544
3269,9.080556,358.23540648474955,17.904656348462332,33.8179970659597,117.80554249053209
3270,9.083333,358.22468684872837,17.912537689182393,33.79406411595176,117.82358285958854
3271,9.086111,358.2239124403971,18.79227244815126,32.2913605485291,118.55894492883088
3272,9.088889,358.2231368659703,19.692676738046867,30.764957602806916,119.29769532691684
3273,9.091667,358.21475419493146,19.696996823341543,30.750609204067956,119.29223858335236
3274,9.094444,358.4707606010601,20.20085193096372,30.50304614574174,119.31016128309456
3275,9.097222,358.72948272347594,20.702930928630746,30.259947826964996,119.3280940060206
3276,9.1,358.7126442665753,20.713177466332425,30.23950144933609,119.35645892364543
3277,9.102778,358.6958021744998,20.7234162869383,30.219055928219433,119.38486391279652
3278,9.105556,358.6789564501828,20.73364740018707,30.198611249251748,119.41330907701463
3279,9.108333,358.6724056299919,20.72896932925821,30.195277290890715,119.4061445066247
3280,9.111111,358.65436382209054,20.729490125526393,30.19592326967792,119.43095616086258
3281,9.113889,358.63631643714956,20.73001144341412,30.19657087040366,119.45576573518527
3282,9.116667,358.61814877986467,20.711141446194,30.178034827279305,119.47605005294618
3283,9.119444,358.6147994583632,20.716246444176587,30.14848601585576,119.49504768605136
3284,9.122222,358.6114480345799,20.721353090819317,30.1189243164553,119.51405597466798
3285,9.125,358.6012670254729,20.71901948934097,30.09466757852885,119.53171178499655
3286,9.127778,358.75809953671774,21.290047126739022,29.634904109510437,119.54979078363833
3287,9.130556,358.91363097571286,21.86285959090012,29.172041854504997,119.56789452762847
3288,9.133333,358.91095950171047,21.850162650050553,29.15229541197322,119.54042080345148
3289,9.136111,358.90828674904856,21.837460174136783,29.13254720087437,119.51298208785293
3290,9.138889,358.9056136797433,21.824756737491676,29.112804357265496,119.48558835041105
3291,9.141667,358.91053631883267,21.820287288206977,29.076504154343816,119.5008279286878
3292,9.144444,358.91545648119546,21.815809368042782,29.04022458823166,119.51605709796213
3293,9.147222,358.92037771013185,21.811319740766113,29.003939608112432,119.53128677853671
3294,9.15,358.89962014922355,21.788217187084918,28.994450392449757,119.49658788667536
3295,9.152778,358.4743442226601,20.724891844832793,29.60823899977214,119.58929903732776
3296,9.155556,358.0492766022863,19.653426242381133,30.230392158607984,119.68205942275448
3297,9.158333,358.04465977799595,19.641386312727757,30.210690584089754,119.69448903134666
3298,9.161111,358.0500229851843,19.65540625699922,30.170528252541892,119.71838479145454
3299,9.163889,358.05538535331135,19.669426173501083,30.13036446072598,119.74227608763279
3300,9.166667,358.0387667093241,19.680058828990372,30.11011470033184,119.72147807479287
3301,9.169444,358.9234840154078,21.84136734569745,28.796241474693367,119.7320337038626
3302,9.172222,358.0510908379109,19.69248341508168,30.03937861513417,119.75957137530297
3303,9.175,358.4947037501133,20.768536917554044,29.35516590052945,119.77287491931806
3304,9.177778,358.93851548498134,21.835926644392625,28.679797737499598,119.78620508748573
3305,9.180556,358.9415575814452,21.814853183895757,28.639485916013577,119.84807213753932
3306,9.183333,358.9403170749377,21.8225643620947,28.564553270873766,119.86288666250884
3307,9.186111,358.93907609925844,21.83027994145199,28.4895859499428,119.87773309877419
3308,9.188889,358.84547067461324,21.466917604440795,28.71541439658698,119.89753951836023
3309,9.191667,358.75134008896737,21.10451274527782,28.93975323281161,119.91735577179067
3310,9.194444,358.6567146495022,20.74319076615416,29.162523229769583,119.93717468070271
3311,9.197222,358.66598042475647,20.702047078077587,29.132194153854748,119.99942826941795
3312,9.2,358.6713052817921,20.69341823531914,29.1000199739959,119.96080815373055
3313,9.202778,358.67663037301855,20.68479038337972,29.06784503144501,119.92226439927894
3314,9.205556,358.6821229915717,20.673784608877543,29.028496280950293,119.91344419525005
3315,9.208333,358.69378931276987,20.666223209190605,29.001013725110084,119.94441707333941
3316,9.211111,358.70546046755356,20.65866131448264,28.97352249688175,119.97539610643626
3317,9.213889,358.70667449409984,20.645233425229232,28.93141325251591,120.01542227462853
3318,9.216667,358.74031140684593,20.63908030578844,28.931937415503626,120.01257512361012
3319,9.219444,358.77393717308115,20.63296688483967,28.932411206939086,120.00973524978384
3320,9.222222,358.20098712091664,19.537016929755627,29.267509229021584,120.24031146334913
3321,9.225,358.5178910866517,20.070461057367957,29.020181863301985,120.23517701930369
3322,9.227778,358.8375087546694,20.60085473572512,28.77860036306877,120.2300662549042
3323,9.230556,358.94304936136257,20.94367105232359,28.484278662694877,120.25515829939077
3324,9.233333,359.0480594402466,21.28723758802024,28.188697713166135,120.28024135637303
3325,9.236111,359.15261830853467,21.63180628188413,27.891643865692124,120.30533345331047
3326,9.238889,359.169371853155,21.613989742938386,27.87779974133973,120.32391169839165
3327,9.241667,359.1749657959313,21.599789594182656,27.84951346152603,120.3457250609329
3328,9.244444,359.1805575294577,21.585595944414816,27.82123713855878,120.36753048070865
3329,9.247222,359.147548257099,21.551227942344408,27.799103510742732,120.37967299344344
3330,9.25,359.01130865469986,21.007404043770407,28.151248921743765,120.3896576587177
3331,9.252778,358.87387520015403,20.465712462645634,28.5000318368894,120.39966698687802
3332,9.255556,358.8201403710594,20.438405871522733,28.454109174173148,120.39348583180966
3333,9.258333,358.7665735929746,20.41097723210776,28.40819924033636,120.38734208863288
3334,9.261111,358.7131315092594,20.383405261330505,28.362269076196114,120.38123134560156
3335,9.263889,358.771657975423,20.36274321080396,28.313897322708037,120.4484517282123
3336,9.266667,358.83059225110867,20.34202626438138,28.2656047151024,120.51562055712658
3337,9.269444,358.8899181611619,20.32126213784823,28.21740882376308,120.58271349942562
3338,9.272222,358.82947894097197,20.299097622476758,28.215479691262153,120.6883067287031
3339,9.275,358.7691927199221,20.276782580774476,28.21356466265815,120.7935671284903
3340,9.277778,358.70905427206367,20.254315246708245,28.21166362600181,120.89849564913963
3341,9.280556,358.70481869645965,20.232449949453148,28.166574392255022,120.82409587556732
3342,9.283333,358.70058553114933,20.210597028823127,28.12119378697645,120.74960984701475
3343,9.286111,358.69635172769847,20.188740746319276,28.075486866828527,120.67498565201292
3344,9.288889,358.88836613827806,20.204078101564306,28.059082761765943,120.7004257767049
3345,9.291667,358.8953345064686,20.19093213642103,28.02194722190965,120.76055912021876
3346,9.294444,358.9023012685102,20.17779480862603,27.984890948406722,120.82058736271559
3347,9.297222,358.9999505039435,20.512360395753415,27.67057718909024,120.84492474778229
3348,9.3,359.09710922803197,20.847744681334987,27.354934896260175,120.86928964001085
3349,9.302778,359.19378111040425,21.183952449765,27.037963137711884,120.89368190549187
3350,9.305556,359.20021945703587,21.16881318390218,27.005955483006012,120.92328183885557
3351,9.308333,359.20946282785053,21.14750649313781,26.982478311428657,120.94667005616425
3352,9.311111,359.2187086312771,21.126203682967546,26.958988426777758,120.97005506233056
3353,9.313889,359.24958876322574,21.1045960735266,26.939251554729026,120.99489003828789
3354,9.316667,359.2680384778385,21.09728465629443,26.904175134466215,121.01495569884152
3355,9.319444,359.2864810579488,21.08997880353347,26.869106080680204,121.03501740135057
3356,9.322222,359.2140608890501,20.734345340686517,27.08359471641173,121.04854889075092
3357,9.325,359.14113750680986,20.379742203561626,27.296520878033192,121.06210365871048
3358,9.327778,359.0677072065297,20.026163354445945,27.507886953428105,121.07568168245136
3359,9.330556,359.17247994868484,20.052045702758335,27.44304829886775,121.07275260471125
3360,9.333333,359.18198472219694,20.039464795980674,27.404600762471247,121.09406279590051
3361,9.336111,359.1925642309413,20.030188191705776,27.359506223419963,121.1126623082071
3362,9.338889,359.2224715299774,20.031606015165092,27.29368697603094,121.13595521790687
3363,9.341667,359.25238078909854,20.033023633887396,27.22785476552899,121.15926865109624
3364,9.344444,359.2623261075086,20.036355970273473,27.156878644316876,121.20799954860236
3365,9.347222,359.1297169246077,19.98793205997637,27.124437067025283,121.23968476672148
3366,9.35,358.99770591000174,19.939009524910016,27.09203026078073,121.27133364653484
3367,9.352778,358.9984199231207,19.93960064918776,27.04529698194319,121.28986360177102
3368,9.355556,359.00354691290846,19.934515574887065,27.004199136461878,121.31424141354104
3369,9.358333,359.0086722561269,19.92943311589918,26.963116584722343,121.33861109923332
3370,9.361111,358.97396068903765,19.914485187290637,26.930315432775572,121.36296366773546
3371,9.363889,359.12202177181007,20.448359818521823,26.481420886532966,121.3786987281657
3372,9.366667,359.26888962325705,20.98416174357806,26.029395183615584,121.39445239411903
3373,9.369444,359.267405738774,20.981761309366238,25.96238082796674,121.41137229615661
3374,9.372222,359.25626608875217,20.96668957802728,25.918590534874276,121.4056611335936
3375,9.375,359.24512592751717,20.951618135316057,25.874796825655544,121.3999370423512
3376,9.377778,359.20130036726096,20.94639370166766,25.815970792310523,121.40937355291213
3377,9.380556,359.2077912271859,20.946137549094196,25.769682024542043,121.42672399884488
3378,9.383333,359.21427991905307,20.945881722556983,25.723431928731593,121.44406398547103
3379,9.386111,359.20126914592726,20.890940171205735,25.793753941235295,121.70919159058393
3380,9.388889,359.21092449798414,20.889771515712575,25.7537056266218,121.6839732949205
3381,9.391667,359.22058436770874,20.888602885509425,25.713659431760718,121.65879259410632
3382,9.394444,358.8716702035233,20.15212475323367,26.068975684245885,121.58571076605072
3383,9.397222,358.5223375721301,19.411963955535583,26.427222280409254,121.51250523165207
3384,9.4,358.17273250658786,18.66841460967243,26.78826060166859,121.43920402616304
3385,9.402778,358.5768295673678,18.8079211263685,26.717357366652656,121.45271569200322
3386,9.405556,358.68950637088363,19.288595215732744,26.438905201876423,121.49031269032817
3387,9.408333,358.809097038342,19.769213038415206,26.16576640047827,121.52787291968146
3388,9.411111,358.8208497538576,19.761593824060586,26.152851611751828,121.52479922390116
3389,9.413889,358.9694326699008,20.273408525318374,25.731328215970976,121.5452895559449
3390,9.416667,359.1168337203038,20.787405378309234,25.306435780753027,121.5657855924836
3391,9.419444,359.20430838992723,19.868324966828293,26.056857893566153,121.57524633796301
3392,9.422222,359.34916460492167,20.37449946618968,25.65003199440764,121.56647206058206
3393,9.425,359.4928849273761,20.882795133985837,25.239917653756223,121.55771590628846
3394,9.427778,359.4996034245188,20.877220379739597,25.22843845593936,121.56599262681412
3395,9.430556,359.5063216578928,20.871645763749342,25.21696227498601,121.57426600566033
3396,9.433333,359.51303720923914,20.866073293013244,25.20549324412505,121.5825330633228
3397,9.436111,359.5246758337413,20.872557348246392,25.15853761139281,121.60590687520069
3398,9.438889,359.53274145593724,20.883380924144358,25.15433941403809,121.57705402875787
3399,9.441667,359.54080364042517,20.894199391544884,25.150140054530148,121.54818468813333
3400,9.444444,359.55184719035304,20.844030290677708,25.16201058093334,121.63209688202024
3401,9.447222,359.11739768657014,19.79103531907405,25.774219105518696,121.63297049351392
3402,9.45,358.68324253422713,18.73035211010585,26.394409721745234,121.63384449563416
3403,9.452778,358.6956397266257,18.72899595383236,26.391368005536606,121.63999995762764
3404,9.455556,358.69561580147825,18.727182842727313,26.371163932038186,121.57973522749946
3405,9.458333,358.69559192857895,18.725371027424895,26.35096230253742,121.51972416772718
3406,9.461111,358.9817062603986,19.42299243974199,25.922379207711444,121.52858045427426
3407,9.463889,359.26792293729284,20.117280802579906,25.49723110270711,121.53743722470033
3408,9.466667,359.5542276533685,20.808223955611755,25.075515845230747,121.54629447613009
3409,9.469444,359.5790628317842,20.79758014215105,25.085279535973477,121.5493543140813
3410,9.472222,359.58289204097457,20.79417813766019,25.076872556234633,121.60029457906718
3411,9.475,359.58672111010475,20.7907770736276,25.068463383077386,121.65125605372732
3412,9.477778,359.59334150394136,20.79355704376698,25.060881855175737,121.65909781376929
3413,9.480556,359.44613410433897,19.970490651479555,26.3939863300616,121.09908425224002
3414,9.483333,359.29965640139636,19.163706022173386,27.709144981764787,120.54020580046098
3415,9.486111,359.30844739205105,19.195366709424743,27.693162556779342,120.53535791302251
3416,9.488889,359.3047750475647,19.17242574752132,27.72132070030218,120.54395457980728
3417,9.491667,359.30110278819154,19.149486264549775,27.749472272207235,120.55254820899886
3418,9.494444,359.3047327072048,19.107744331457724,27.808758738401828,120.53216945420395
3419,9.497222,359.2980294319653,19.11003372354574,27.80961602341919,120.52801462423419
3420,9.5,359.29747579286084,19.598775868525518,26.964232268517343,120.86765447059359
3421,9.502778,359.29692226616396,20.093650691054442,26.11187824457285,121.20813078945203
3422,9.505556,359.29636885187426,20.594701220728524,25.252536640264616,121.54941786734894
3423,9.508333,358.4420877174784,18.543647711226548,26.461765455724994,121.54422173545323
3424,9.511111,358.4366295500307,18.50603641007734,26.50232101275462,121.54379135014737
3425,9.513889,358.4311718767782,18.46836971891628,26.542930656844362,121.54336257427927
3426,9.516667,358.4355035206265,18.470226448355618,26.554672952363056,121.5338082562139
3427,9.519444,358.43739214024197,18.47834433365584,26.554283642514193,121.50324286870138
3428,9.522222,358.4392773305363,18.48646266749877,26.553894152346757,121.47266656866786
3429,9.525,358.44577640131496,18.487150166554414,26.564956609506268,121.47104749003257
3430,9.527778,358.45227255468325,18.4878316538792,26.57602212566156,121.46942895870255
3431,9.530556,358.45876579086575,18.48850712811371,26.58709070271263,121.46781097445795
3432,9.533333,358.4714104554142,18.506444898018284,26.59108435648573,121.47744189495332
3433,9.536111,358.4840604541078,18.524388243398537,26.59508112861905,121.48708010786778
3434,9.538889,358.49671123222697,18.542330704198033,26.599079579950192,121.49672214386665
3435,9.541667,358.4992088097168,18.550425712019596,26.59551992403358,121.49974528837298
3436,9.544444,358.4994667667841,18.56527506674221,26.59846784333086,121.48306210135571
3437,9.547222,358.4997248057661,18.580109002421658,26.6014532265974,121.46635733031464
3438,9.55,358.49612381511616,18.581119231132913,26.601065845754043,121.46328702108748
3439,9.552778,358.49636831225484,18.581956636119067,26.613208258176975,121.46054330489925
3440,9.555556,358.49661359951295,18.58279408559701,26.62534750463567,121.45780247822997
3441,9.558333,358.5037265231443,17.105100366691126,29.164327458756233,120.40402860732875
3442,9.561111,358.5047729843622,17.095572388379335,29.183359472210263,120.39333841413126
3443,9.563889,358.5058194357019,17.086045566288146,29.20239043490095,120.38264809531994
3444,9.566667,358.5059472934618,18.583706817281055,26.649086197082333,121.44646086342568
3445,9.569444,358.500103948655,17.82912089014096,27.930597716550025,120.8979573991288
3446,9.572222,358.49425823005254,17.089233653857995,29.19666547235383,120.35018227167215
3447,9.575,358.5011839770927,16.850519260949888,29.59647071333565,120.18321079565159
3448,9.577778,358.4983518437295,17.683297346578353,28.138705390214056,120.80434213511602
3449,9.580556,358.49552015480157,18.53677529480784,26.65872391127958,121.42698931113095
3450,9.583333,358.48620974097156,18.530213369718773,26.666301343245543,121.41367242459951
3451,9.586111,358.47689611858414,18.52364946416073,26.673881074419732,121.4003492822291
3452,9.588889,358.4675826410583,18.5170859414101,26.68146037583049,121.38702468044308
3453,9.591667,358.44031289755327,18.499233325522113,26.68345900080672,121.39469727778517
3454,9.594444,358.4555408739793,18.501576412453495,26.684211771112594,121.39677013742327
3455,9.597222,358.47077431712904,18.50391718857474,26.684964364267564,121.39884402924436
3456,9.6,358.47311688818485,18.50146180270538,26.686017385285332,121.41311383779812
3457,9.602778,358.4754595668299,18.499006821330394,26.687069793385845,121.4273846083755
3458,9.605556,358.4778023530423,18.49655224450851,26.688121588527174,121.44165634046094
3459,9.608333,358.4682032053199,18.501904113281817,26.67745242047735,121.45165615775177
3460,9.611111,358.4586009502395,18.507246747101654,26.66678803484041,121.46166133664066
3461,9.613889,358.44899904381543,18.512578233490345,26.656132256080767,121.47166827809549
3462,9.616667,358.4374583468253,18.490424388556384,26.667624841644923,121.48513743838483
3463,9.619444,358.42592146165236,18.468278421151616,26.67911579675198,121.49859640677472
3464,9.622222,358.4143800796188,18.446124385063058,26.690613392036767,121.51205487930598
3465,9.625,358.4044232399339,18.433430608825482,26.684395282426514,121.52221285521172
3466,9.627778,358.55082895750735,18.471136989761675,26.684047676498537,121.5291812007981
3467,9.630556,358.6978334814862,18.508294450994942,26.683699196248114,121.53615029690958
3468,9.633333,358.70027092278355,18.500060909790598,26.66687296260124,121.53254520968558
3469,9.636111,358.702709833493,18.49182412741007,26.65002649353773,121.52894647486359
3470,9.638889,358.7051493360161,18.483587068797917,26.633165838367667,121.52535540724496
3471,9.641667,358.69734467957437,18.46637512604273,26.590888348014957,121.54158215460005
3472,9.644444,358.68842777892354,18.42705699807595,26.591574047523068,121.53322294998652
3473,9.647222,358.67950702077974,18.387669534705626,26.592305414091683,121.5248526628478
3474,9.65,358.6711050192789,18.37096115623182,26.587976097831408,121.53392425027342
3475,9.652778,358.6627035134888,18.35425213502634,26.583648297707335,121.54299494926214
3476,9.655556,358.6647503836052,18.340977901851453,26.572626221094595,121.52627686101523
3477,9.658333,358.66679698836947,18.327708578321626,26.561606492647257,121.50958800322478
3478,9.661111,358.66884480179397,18.314434608827984,26.550581181970635,121.49291636901496
3479,9.663889,358.6707025415006,18.30249776591991,26.547134788349574,121.49684292221544
3480,9.666667,358.6686812446919,18.2881600631956,26.54253731978188,121.50332678556101
3481,9.669444,358.6666608308323,18.27382911935932,26.53793936421104,121.5098090557522
3482,9.672222,358.6743934543925,18.280282671957117,26.519989803157173,121.54418349973507
3483,9.675,358.68212661173186,18.286732726834938,26.502035888467056,121.57857489888308
3484,9.677778,358.68986030299897,18.293179288526577,26.484077611501384,121.61298325911976
3485,9.680556,358.6973953590402,18.271865338908864,26.495923770019807,121.61515905764854
3486,9.683333,358.70492819693044,18.250559577716185,26.50776761896514,121.61733073766665
3487,9.686111,358.71246424193527,18.229246669258632,26.519617679879445,121.61949986349022
3488,9.688889,358.72026484857577,18.220551465422854,26.51231372894015,121.62358108909937
3489,9.691667,358.7280659208411,18.211855412416934,26.50501010266146,121.62765855834117
3490,9.694444,358.7358646503644,18.20316164190685,26.497709433160637,121.63173080164351
3491,9.697222,358.7414478861829,18.19226294151443,26.503083009148668,121.63163490656588
3492,9.7,358.7296424611028,18.1776295730277,26.502515546059783,121.61383159713007
3493,9.702778,358.71783810672457,18.162994794306737,26.501950245568352,121.5960097391635
3494,9.705556,358.7191663842303,18.153694166566464,26.493409051166182,121.60546553859935
3495,9.708333,358.7204948215789,18.14439690049044,26.4848776230252,121.61491185607714
3496,9.711111,358.72182437562157,18.135096300408456,26.47634981486715,121.62435549663708
3497,9.713889,358.7252268765143,18.140879359789203,26.435350928290624,121.6389683363267
3498,9.716667,358.7203945469837,18.122846104590664,26.42984381886839,121.63758062991191
3499,9.719444,358.71556395573236,18.104818514145194,26.424337901263904,121.6361919287648
3500,9.722222,358.691240416452,18.02539487763692,26.46859962531716,121.66322356877971
3501,9.725,358.6866233030913,18.02855629567308,26.402865657619387,121.6604080096891
3502,9.727778,358.6820058724178,18.03171613914397,26.33704359864042,121.65769422814442
3503,9.730556,358.6740923925084,18.01185057892505,26.327681763539523,121.67014073531176
3504,9.733333,358.6674847697145,17.993878034968986,26.31426019356894,121.68552943063209
3505,9.736111,358.6608742218533,17.975889063134698,26.300856050481826,121.70091580702366
3506,9.738889,358.63260642322666,17.969558687603236,26.298995686396147,121.70373740534517
3507,9.741667,358.6045165421085,17.963241233860327,26.297119200128613,121.70656456328176
3508,9.744444,358.5766130069553,17.95693895954989,26.295227298496407,121.70939626449167
3509,9.747222,358.5487921890567,17.942478347367853,26.29588531252471,121.76261739689834
3510,9.75,358.48257369794214,17.900224416929873,26.28866884157093,121.77413415512125
3511,9.752778,358.41639372194476,17.857912486818215,26.281451335283876,121.7856525473514
3512,9.755556,358.4070921586383,17.84495339745121,26.282824463380642,121.79657496246311
3513,9.758333,358.39779698752216,17.832001283741967,26.284195765798138,121.80749256537122
3514,9.761111,358.3885015140764,17.819046819245106,26.285566230004086,121.81841321743731
3515,9.763889,358.36967979251,17.787092638226152,26.265677366054135,121.84270127926145
3516,9.766667,358.3804252105114,17.78187881543551,26.26231010825208,121.88089839805319
3517,9.769444,358.3911652334183,17.776665054666314,26.25895035586843,121.91907833122293
3518,9.772222,358.41177983004235,17.765459799800418,26.26435996728182,121.92778047546621
3519,9.775,358.5771135634006,17.80466657359892,26.270596254667318,121.93276629576867
3520,9.777778,358.74306942600793,17.84317962544677,26.276835491878444,121.93775103685219
3521,9.780556,358.7470658030408,17.825982309822848,26.28677833305494,121.9363950296107
3522,9.783333,358.7467329236467,17.803706599458025,26.300235739299474,121.93378809815657
3523,9.786111,358.74639928371437,17.781423817728996,26.313697548233904,121.93117982342811
3524,9.788889,358.749408037242,17.76443703114093,26.318712724262554,121.91977661410009
3525,9.791667,358.7524163691762,17.74745052845057,26.323718398600164,121.90837547413484
3526,9.794444,358.7554231967445,17.730470430218503,26.328712763801107,121.89698052182924
3527,9.797222,358.7427230753181,17.687290795122543,26.351617775223545,121.89343995830681
3528,9.8,358.7551847814699,17.672904092282614,26.35055106381035,121.89248288789302
3529,9.802778,358.7676467509462,17.65851790517618,26.349481282497585,121.89153382569405
3530,9.805556,358.4610948004144,17.546307761900117,26.355362449220053,121.88684597234818
3531,9.808333,358.4416697421698,17.50531970987263,26.389201461715643,121.85882448185195
3532,9.811111,358.42224102561715,17.464325133503536,26.423039162175925,121.8307769594745
3533,9.813889,358.4374650130209,17.450027644906186,26.43262787955866,121.82555392018763
3534,9.816667,358.44519340462983,17.418324560180036,26.461093414359063,121.82279647058708
3535,9.819444,358.4243908426879,17.40179113404119,26.459386931602367,121.82245549786744
3536,9.822222,358.41513212246764,17.37572556978026,26.480443851287944,121.82069644471783
3537,9.825,358.40587613925476,17.34966231785169,26.501498610966713,121.81893733645889
3538,9.827778,358.3652575582321,17.316635575931794,26.51989588726896,121.82028438843408
3539,9.830556,358.3625422223289,17.304679983728963,26.526096699557407,121.81832744751993
3540,9.833333,358.3598285251758,17.292728715461962,26.532293925684236,121.8163736242348
3541,9.836111,358.3505269263682,17.27427253317592,26.547241071349823,121.8150264424397
3542,9.838889,358.3412236362163,17.25581415543388,26.562189831398328,121.81367822903606
3543,9.841667,358.3319186555591,17.23735358741538,26.57714020090068,121.81232898383466
3544,9.844444,358.420385358479,17.26382032566155,26.58604208503136,121.80401812755566
3545,9.847222,358.5088775406407,17.290247039552828,26.594951057738925,121.795710612198
3546,9.85,358.5973633611399,17.316624207315304,26.603863912166418,121.78740943114708
3547,9.852778,358.6877936908033,17.354414917327524,26.6076571219958,121.78813472668129
3548,9.855556,358.68651741585586,17.333781806195343,26.627592558007457,121.78404379794485
3549,9.858333,358.68524087835715,17.313149378211147,26.647527993145694,121.77995486938174
3550,9.861111,358.68875896835266,17.320688779598207,26.654793272355974,121.80337966953202
3551,9.863889,358.6760732215215,17.302085828966305,26.660726833411175,121.78577023797162
3552,9.866667,358.6633887822529,17.28347746637667,26.666656217932882,121.76816340040416
3553,9.869444,358.6472378434826,17.244489694051023,26.700991290172134,121.76691467901027
3554,9.872222,358.6504375036682,17.230945154201365,26.71682910232598,121.75543132112777
3555,9.875,358.65363702779655,17.217400412978318,26.73266691758652,121.74394770044093
3556,9.877778,358.59641482232473,17.199335596347165,26.733817266704946,121.73939409846479
3557,9.880556,0.2754752934945053,17.948617864585675,26.755749555417765,121.73413997879318
3558,9.883333,1.9543369258175733,18.679357517740105,26.77767379528239,121.72888673438827
3559,9.886111,358.56244607360446,17.139784754883124,26.79056135862004,121.72039893446366
3560,9.888889,359.23332891621783,17.45398668897013,26.800490262249596,121.7004208595928
3561,9.891667,359.9041799467757,17.76517985156724,26.810434599543285,121.68043028471224
3562,9.894444,0.5736691279747337,18.06535559706952,26.810428698801246,121.678186822641
3563,9.897222,1.243427980117806,18.362702846956044,26.81042009977481,121.67594412682276
3564,9.9,1.913246817615958,18.657138622858472,26.81040880351778,121.67370300644866
3565,9.902778,1.938070048884839,18.65532901065489,26.830718005119536,121.67886513496511
3566,9.905556,1.9628924632314657,18.653519014478597,26.851027483337738,121.6840263545712
3567,9.908333,1.987705124049965,18.651709286889172,26.871329925605338,121.68918480742106
3568,9.911111,1.9821142909449065,18.625239507418378,26.89167233392582,121.69235123385592
3569,9.913889,1.9765227580139957,18.59873782558894,26.91205136421013,121.69551322894303
3570,9.916667,1.9709305253933653,18.572204199916545,26.932467053502698,121.69867079712627
3571,9.919444,1.9775137150893407,18.563697044223453,26.948509729598555,121.69179933291248
3572,9.922222,1.9840989837759881,18.55518424933025,26.96456033044744,121.6849258158203
3573,9.925,1.9906839607140832,18.546668879312264,26.980613078274942,121.678052720384
3574,9.927778,1.9958489942380808,18.55588847064251,26.978133769513043,121.67280235598814
3575,9.930556,2.024700182047061,18.560372570608003,26.99854109951054,121.67388717508159
3576,9.933333,2.053538698518132,18.564853748588334,27.018937112249837,121.67497165798282
3577,9.936111,2.0413468128643135,18.55729624578511,27.032900749054555,121.66725629227632
3578,9.938889,2.029155042333011,18.54973896081785,27.046864058398846,121.65954103902077
3579,9.941667,2.0169633884295486,18.542181894107003,27.06082703978715,121.65182589830142
3580,9.944444,1.9996472806336936,18.53053228980083,27.074801923096402,121.6470230975183
3581,9.947222,2.00261838717522,18.53016450058901,27.08179194925141,121.64247906775351
3582,9.95,2.0055922406728968,18.52979863158813,27.088781822442357,121.63793621553377
3583,9.952778,2.0042126182282516,18.531523599489514,27.084720091211302,121.60466757482966
3584,9.955556,1.9927802902799616,18.525649673294815,27.09618612354283,121.59422633065999
3585,9.958333,1.981353236551838,18.519778567847364,27.10764827569337,121.58378819081715
3586,9.961111,1.9849979464492087,18.512615140380305,27.126974907572027,121.57443354156065
3587,9.963889,2.009449961984256,18.52299316823868,27.14207381330695,121.56716670662526
3588,9.966667,2.033901971635361,18.53337303228652,27.15717233745142,121.55990004661415
3589,9.969444,2.0293010822179536,18.532777889350864,27.16433595014187,121.54766974533207
3590,9.972222,2.0227895158726437,18.51555995037652,27.193543239990696,121.53335196263028
3591,9.975,2.0141566594148443,18.509651897751223,27.207541352253273,121.51168247986782
3592,9.977778,2.0055233329939846,18.50374359479554,27.22154367093337,121.49000307756599
3593,9.980556,1.9968895373921658,18.497835041846493,27.23555019990092,121.46831375074488
3594,9.983333,1.96543007624342,18.448812003805887,27.27185670007802,121.46227917411879
3595,9.986111,1.933958759202886,18.399756481768485,27.308190761402678,121.45624247843746
3596,9.988889,1.9024869195946614,18.350686139423495,27.34453930235219,121.45020583680493
3597,9.991667,1.9300077449539046,18.446572209990407,27.289754166955078,121.43258093126825
3598,9.994444,1.9255487384510488,18.40349123475978,27.3355173645448,121.44254364414537
3599,9.997222,1.9210883248820885,18.360377048922082,27.381315243971734,121.4525061421764
3600,10.0,1.9209180587428758,18.392705586480997,27.369774158446482,121.45876427662058
3601,10.002778,1.9207502499794185,18.425027634861387,27.35824032997175,121.46502455447784
3602,10.005556,1.9205848983462754,18.45734319314897,27.34671375738843,121.47128697541909
3603,10.008333,1.8972769416320752,18.41584479197603,27.37674873437677,121.46852949678619
3604,10.011111,1.8739599341924809,18.374323175011437,27.4068013362402,121.46577096571782
3605,10.013889,1.8506422707750154,18.33279329671681,27.436860737436582,121.46301237516069
3606,10.016667,1.8824483890917616,18.340892812621718,27.4564281759719,121.45857345749344
3607,10.019444,1.9142413009829227,18.348992485264727,27.475986776539358,121.4541365997127
3608,10.022222,1.9460438997259981,18.357098144551575,27.49555062448816,121.44969860678883
3609,10.025,1.9481732159799225,18.35799598590039,27.49878429871373,121.44458347959637
3610,10.027778,1.9748475200641789,18.368034638911595,27.500469119035472,121.4430587014031
3611,10.030556,2.0015210640877044,18.37807505661766,27.50215250603616,121.44153490949334
3612,10.033333,0.8164400447510403,17.848560852305884,27.509550073725357,121.43634438202174
3613,10.036111,359.63109270748566,17.310347460137486,27.516950060047527,121.43115194214626
3614,10.038889,358.4457877387677,16.763510985609948,27.524349801044508,121.42595945899713
3615,10.041667,358.43563732267825,16.742949408939893,27.542662840446724,121.41926543946879
3616,10.044444,358.4399953347433,16.745592687691552,27.54803365413828,121.40183579206523
3617,10.047222,358.4443548745721,16.74823712084156,27.553406086654356,121.3843966555472
3618,10.05,358.42621468571684,16.743123618873902,27.556553293602555,121.37369260047414
3619,10.052778,0.23635185474284448,17.571509109730417,27.566155569008465,121.36920096354713
3620,10.055556,2.046344340513558,18.37982225716753,27.575757132760636,121.36470964347642
3621,10.058333,1.9707197810054442,18.348493564802535,27.567371206453778,121.36085847955998
3622,10.061111,1.9763478888813317,18.343676246718037,27.580337113111675,121.36986854258977
3623,10.063889,1.9819760022473876,18.33885903659959,27.59329770042916,121.37887798084147
3624,10.066667,358.4318409760823,16.730135541817944,27.595474445549975,121.36785061748326
3625,10.069444,358.43714156365724,16.725490715200312,27.598151578856665,121.38233175210424
3626,10.072222,358.44244390945346,16.720844703638335,27.600828887568667,121.39684960455186
3627,10.075,358.44822421684097,16.719723739173077,27.605843418516677,121.38192467878478
3628,10.077778,358.4540042006171,16.71860343218363,27.61085688254532,121.36701288994003
3629,10.080556,358.45978386077695,16.71748378250742,27.615869279788797,121.35211422452873
3630,10.083333,358.4705019536391,16.728568771194663,27.610586298444062,121.34768445377087
3631,10.086111,358.47319568712385,16.728585830464187,27.613594470690536,121.33339876874449
3632,10.088889,358.4758916915615,16.72860515561004,27.61660190496184,121.31915080263725
3633,10.091667,358.4998016557511,16.738796673257696,27.619174837096786,121.31515186253161
3634,10.094444,358.501044202257,16.744151758522904,27.613324929827293,121.31019206555787
3635,10.097222,358.50229027606815,16.749510158847038,27.607472719703047,121.30523147925932
3636,10.1,358.52609960546283,16.751612992996684,27.612606200867013,121.29902286459246
3637,10.102778,358.5499087069677,16.753715029401018,27.617739139785982,121.2928134507183
3638,10.105556,358.57371757815395,16.755816268171507,27.62287153643956,121.2866032376527
3639,10.108333,358.51415320990054,16.73869240746384,27.625869558600222,121.14458644696852
3640,10.111111,358.51731548512043,16.737262983805984,27.627981598853196,121.13704293495441
3641,10.113889,358.5204772414665,16.735834122547843,27.63009331635947,121.12949856895663
3642,10.116667,358.5165698130015,16.727004952323586,27.638951548021694,121.17708369028388
3643,10.119444,358.5126645947705,16.718184035454538,27.647801870843793,121.22469520968356
3644,10.122222,358.50875877443326,16.70936501670016,27.656650661405514,121.27236741821672
3645,10.125,358.6250230669768,16.70719015253244,27.66655966469267,121.26248123344557
3646,10.127778,358.62327675956504,16.6946977628132,27.684236620847564,121.25286130614656
3647,10.130556,358.6215312638778,16.682209708126344,27.701909414339056,121.24324112671634
3648,10.133333,358.62084006878257,16.673099477568023,27.712090536329384,121.22759771315175
3649,10.136111,358.6201489923922,16.66398677981819,27.72227450143832,121.21195398986895
3650,10.138889,358.6152753852078,16.650882795992693,27.732168074093863,121.21305187431396
3651,10.141667,358.5937660881515,16.64107270499363,27.73577675670284,121.19002590866121
3652,10.144444,358.57226793244956,16.631268971826405,27.73937358266233,121.16700323417807
3653,10.147222,358.56709383642936,16.617430014616822,27.75471819809713,121.16033055275382
3654,10.15,358.55532928125683,16.60620960304424,27.76873532422143,121.15504795933232
3655,10.152778,358.5435669099695,16.594989431551372,27.782752787064275,121.14976445721983
3656,10.155556,358.5404442368071,16.580337146077937,27.804039917855818,121.14204135385519
3657,10.158333,358.5373234937411,16.565693110583233,27.825316942711247,121.13432098125229
3658,10.161111,358.5342024332336,16.551046780420517,27.846599183371097,121.1265977792222
3659,10.163889,358.5301805702269,16.53661702823908,27.866215018243018,121.11866039945959
3660,10.166667,358.5261595029397,16.522187795814116,27.885830674529785,121.11072305491355
3661,10.169444,358.52214067836877,16.50776427911782,27.905439089106245,121.10278860281782
3662,10.172222,358.51388657309553,16.49295363781108,27.933105211145282,121.04949231731995
3663,10.175,358.64340552950586,16.540828156239517,27.951341012793193,121.0394953387701
3664,10.177778,358.77289996936,16.5886875491379,27.96957749595318,121.02949909759876
3665,10.180556,358.69433400842433,16.556622231815545,27.988549945144626,121.03293062247316
3666,10.183333,358.6161241016902,16.524408070240177,28.00751325995494,121.03636094800673
3667,10.186111,358.53820609419387,16.492019923784436,28.02648109976046,121.03979254318865
3668,10.188889,358.54005360489845,16.48779498896072,28.043399067275807,121.03302692031859
3669,10.191667,358.54190374081855,16.483570964954808,28.060318144335334,121.02626073286721
3670,10.194444,358.54375583450616,16.47934937281393,28.077232239238718,121.01949641688249
3671,10.197222,358.5671417812736,16.469070451494492,28.10563802259736,121.00856360494457
3672,10.2,358.5795798817271,16.451882078472984,28.14084162598924,121.02183089421929
3673,10.202778,358.5920204894657,16.434704433259075,28.17602692639283,121.03509703099392
3674,10.205556,358.57446125274646,16.379301550183666,28.23308708237284,121.02142941534386
3675,10.208333,358.5761682979401,16.36207479911564,28.270681273989233,121.00324396087346
3676,10.211111,358.5778762273386,16.344838365750434,28.308297797201526,120.98504411568241
3677,10.213889,358.5694396522097,16.330548105517952,28.32636159071361,120.9776260672159
3678,10.216667,358.56680376495314,16.31120355983581,28.355465512544676,120.96650004931836
3679,10.219444,358.56416962753985,16.291865346359128,28.384560355796637,120.95537725804114
3680,10.222222,358.84542067046897,16.98343848319154,27.985163871289636,120.9501082606228
3681,10.225,359.1267711047202,17.67222163222371,27.58865232225778,120.94483985011307
3682,10.227778,359.40820606884256,18.358192781978772,27.195032861497054,120.93957202641526
3683,10.230556,359.40698465849255,18.344397126361397,27.21569831196286,120.92401467435637
3684,10.233333,359.4057619302964,18.330602431587067,27.236359168767223,120.90846278054728
3685,10.236111,359.40453700389133,18.316798767746647,27.257030306727657,120.89290514705361
3686,10.238889,359.39871890639864,18.30320735235986,27.275566000007423,120.88358305513684
3687,10.241667,359.39290304992943,18.28961555631988,27.294102827232017,120.87426190509687
3688,10.244444,359.38709152735146,18.276028276324496,27.312634111330475,120.86494505210946
3689,10.247222,359.39658960395064,18.257242660720618,27.342038213153984,120.85585811416915
3690,10.25,359.397566749636,18.24391305277763,27.35145465724097,120.83002504911032
3691,10.252778,359.39854385051115,18.230583521710418,27.36086135141813,120.80418718753889
3692,10.255556,0.008198155778195826,18.48837938831276,27.39341968203304,120.78984647095699
3693,10.258333,0.6174453215450697,18.74368043969109,27.425971019427756,120.7755086276391
3694,10.261111,1.2267419226412084,18.996686210581128,27.458538790216046,120.76116333211066
3695,10.263889,1.8439197880571854,19.255839196823793,27.486613962821167,120.73467361843068
3696,10.266667,2.460994893710877,19.512626221268462,27.514691495606087,120.70816893102635
3697,10.269444,3.0777610582571153,19.76697245463315,27.54276127521515,120.68165881267338
3698,10.272222,1.8463335652769821,19.194488948004743,27.57239576234842,120.67063622811399
3699,10.275,0.614850909918152,18.61283020550549,27.602035184464583,120.65961340999353
3700,10.277778,359.3831913769408,18.021866936413584,27.631679526818054,120.64859035913567
3701,10.280556,359.3859787491074,18.001412244372023,27.656284331779062,120.63337522649105
3702,10.283333,359.3887658217911,17.980961579170394,27.680883918789455,120.61816559800268
3703,10.286111,359.39155460216136,17.960500222370456,27.7054959942635,120.60295052261607
3704,10.288889,359.38820284795446,17.938679618657808,27.72850989772646,120.58986920636094
3705,10.291667,359.37154272025236,17.915012823671574,27.76582910692008,120.57245422964392
3706,10.294444,359.3789158548332,17.910816001973597,27.777155986209607,120.56027903827136
3707,10.297222,359.3792354682929,17.880790241273502,27.81063868050439,120.54860224473883
3708,10.3,359.3795576336182,17.85077401860876,27.84411376127798,120.53692850362701
3709,10.302778,359.32027635343854,17.111599676413086,28.856763904999987,120.17497364806503
3710,10.305556,359.2607060115008,16.384916710136128,29.856427772956295,119.81323569558016
3711,10.308333,359.20086635313845,15.670792343989014,30.842915382624227,119.45186765206604
3712,10.311111,359.26164086080155,16.06549471742897,30.125879465184866,119.78815688216771
3713,10.313889,359.322611052562,16.465451024401684,29.403242621687575,120.12464388998377
3714,10.316667,359.3837829625737,16.87074589796656,28.674946078517465,120.4613046091405
3715,10.319444,359.37813046883934,16.84842721321898,28.697161129012265,120.4529109852664
3716,10.322222,1.1734007711306589,17.676517915383553,28.724544959080575,120.44920796349355
3717,10.325,2.964615725407924,18.49440767002874,28.75193139255815,120.44549821532782
3718,10.327778,359.37888389943123,15.605490940294619,30.92022034545414,119.46823232799265
3719,10.330556,359.1010748179202,15.03564479175369,31.21003306654574,119.45179520324497
3720,10.333333,358.8254829945636,14.462600645623926,31.505256302159303,119.43535983755451
3721,10.336111,359.3772122992318,15.523792689114568,30.999409008677326,119.42982923879818
3722,10.338889,359.3624157075156,15.50256974771166,31.01521702185424,119.39906601486045
3723,10.341667,359.3476208066295,15.481339362688388,31.031023826638332,119.3683464602344
3724,10.344444,359.33764449524693,15.435367150059356,31.087743774609258,119.35294913115332
3725,10.347222,359.3295917772523,15.407950266194785,31.101893929506126,119.37146065311738
3726,10.35,359.32154236884475,15.380527836442024,31.11606608774943,119.38995640041249
3727,10.352778,359.29534764769113,15.367555784180709,31.129222148311243,119.3875575901563
3728,10.355556,359.2957186427022,15.900792911178879,30.10253736100894,119.87658239681515
3729,10.358333,359.29609096263465,16.445470829649743,29.064547611813957,120.36547457506653
3730,10.361111,359.2862894935446,16.398639813570988,29.123580512597442,120.38930480518742
3731,10.363889,359.28072196076573,16.365571083702985,29.153179801425303,120.38952850183027
3732,10.366667,359.27515604802215,16.332487552891102,29.18279456407796,120.38975196973404
3733,10.369444,359.28120703993096,16.306162273668516,29.204082775770537,120.3565224634042
3734,10.372222,359.28726135075055,16.279825325998036,29.22538249421641,120.32331395232224
3735,10.375,359.2933168019589,16.25348620927302,29.24668603515893,120.29013842183814
3736,10.377778,359.2914431515877,16.22387598847205,29.25937120027696,120.33165585166502
3737,10.380556,359.2895715257092,16.19425446573714,29.27206675020468,120.37318977061686
3738,10.383333,359.2877025957859,16.16463232322743,29.284768100248307,120.41472522343891
3739,10.386111,359.2921070280024,16.124354231311038,29.315301099259642,120.41623290351372
3740,10.388889,359.2958447930917,16.071516368038395,29.351834909702866,120.41476761511377
3741,10.391667,359.2995827437428,16.018649210906272,29.388405158590707,120.41329796946049
3742,10.394444,359.3309719502643,16.040553159347994,29.40610621243126,120.41999331902063
3743,10.397222,359.3445566939161,16.00868904166905,29.40648212631416,120.4037356446854
3744,10.4,359.35814049988164,15.976810891004504,29.406827198876087,120.38750672621374
3745,10.402778,359.3550132284805,15.922840449610117,29.40702424354516,120.38671536061442
3746,10.405556,359.3520613535315,15.868952414081654,29.407222425058492,120.38593522501522
3747,10.408333,359.3492857266076,15.81516525979454,29.407421672023084,120.38516660223276
3748,10.411111,359.3516622457215,15.748633177442471,29.45329427852038,120.38173176242195
3749,10.413889,359.36077907005586,15.708889229912728,29.456641487655105,120.37147162042397
3750,10.416667,359.36989546432244,15.669134672804038,29.459973708349132,120.36122010247082
3751,10.419444,359.3602743330781,15.639298241095126,29.463770587190048,120.35720170235972
3752,10.422222,1.1654312970460179,16.459117009046818,29.465871893984257,120.35774894757203
3753,10.425,2.9660912718958024,17.270814017981305,29.46797259196194,120.35830869607422
3754,10.427778,359.4409796599289,15.556162842471128,29.458201101284665,120.36785959563854
3755,10.430556,1.0750652493470323,16.296333874464246,29.46097515305219,120.36782893024407
3756,10.433333,2.7058771728610402,17.02640274205637,29.463748808491196,120.36779338241344
3757,10.436111,2.064556943582808,16.69443716836942,29.463191384408262,120.3641923037194
3758,10.438889,1.4228000764908248,16.360823035088348,29.462605821754423,120.36058990424546
3759,10.441667,0.7806270689590953,16.025562829150527,29.461992105310898,120.35698619275603
3760,10.444444,0.14913097927162688,15.706546339849574,29.45033457811624,120.35321100930169
3761,10.447222,359.51695765156506,15.385782068694585,29.438655724841432,120.34943487377804
3762,10.45,359.5179043522748,15.35379952137746,29.433013084190215,120.40233095944565
3763,10.452778,359.533003114027,15.299851571095129,29.459548381846005,120.40154691072205
3764,10.455556,359.54810947822955,15.2459788745407,29.486028050127004,120.40073376834205
3765,10.458333,359.5553282513094,15.205104064599631,29.476748665816608,120.40749362135604
3766,10.461111,359.56254917623687,15.16422028516715,29.467466194434053,120.41426415670601
3767,10.463889,359.5697696538145,15.123342305474072,29.458184016975395,120.42104290615349
3768,10.466667,359.58599610606933,15.092712001455414,29.4386004689822,120.42848388584399
3769,10.469444,359.58021081453603,15.042852371044354,29.461511373931167,120.4510511372596
3770,10.472222,359.5744260084926,14.992980670731448,29.484454119013506,120.47359525666259
3771,10.475,359.5746201654941,14.941378456018455,29.496767531737042,120.4663903806411
3772,10.477778,359.5748141910932,14.889776083712562,29.509072107152825,120.45917829519966
3773,10.480556,359.5750080852672,14.83817363655782,29.52136779586894,120.45195901908302
3774,10.483333,359.0659990181152,13.700972668493392,30.120385656855788,120.49272413575399
3775,10.486111,359.3410680318082,14.231720826855035,29.81003733003051,120.4824076450062
3776,10.488889,359.61846087985583,14.760158812509875,29.50431294998093,120.47223192074362
3777,10.491667,359.6294562876733,14.719328146629142,29.506763720992183,120.45164092357489
3778,10.494444,359.64044740017346,14.678520420001629,29.509157671515354,120.43115439414466
3779,10.497222,359.65144213210647,14.637706278923009,29.511496431375484,120.41075769174738
3780,10.5,359.95914779140236,13.848423092116015,30.09688617479864,120.41029270815535
3781,10.502778,359.8059464874449,14.17286712144692,29.793907643480914,120.45391685830147
3782,10.505556,359.65603270278774,14.494232355112032,29.495451931765288,120.49750123147119
3783,10.508333,359.48557292170375,14.07355239578694,29.68349339659197,120.51454273833407
3784,10.511111,359.31601683425146,13.650534486123963,29.874785713863886,120.531574252858
3785,10.513889,359.1474218818625,13.225271767516627,30.069315632555806,120.54858959708857
3786,10.516667,359.14074507174274,13.229322704133075,30.037746152981377,120.54177719387302
3787,10.519444,359.1564655862262,12.824027969987426,30.6911058474958,120.27189464476253
3788,10.522222,359.17219206288263,12.423196177510505,31.339826113775267,120.00218827564656
3789,10.525,359.17222152158035,12.026095760099732,31.97903978915985,119.73378347324659
3790,10.527778,359.18144052758896,12.491413667630454,31.078679617861205,120.16215780620514
3791,10.530556,359.19065878910124,12.964789489775569,30.16976652989105,120.59103373718709
3792,10.533333,359.2226304597997,12.90902887346903,30.20691907903464,120.61528729247227
3793,10.536111,359.2548814982132,12.85326511473146,30.244101253284434,120.63952772272238
3794,10.538889,359.2874031041387,12.797518233292703,30.281299553428532,120.66374632076578
3795,10.541667,359.28849049119344,12.738398879805153,30.317504668229397,120.66361044334188
3796,10.544444,359.4081829709758,12.750837240097145,30.353168266233467,120.66329885464218
3797,10.547222,359.5281321036844,12.763902495007848,30.38887215013044,120.66304128145167
3798,10.55,359.5284340477858,12.720012310013903,30.38679228412942,120.66223715218295
3799,10.552778,359.5287380596377,12.676123322235274,30.384670369667504,120.6614726757875
3800,10.555556,359.52904413859693,12.632235598206556,30.382506364182063,120.66074790751715
3801,10.558333,359.54112753268714,12.5932721732914,30.40377441814951,120.66069454782063
3802,10.561111,359.55589684173447,12.549114130345796,30.40779068228357,120.64684097413665
3803,10.563889,359.5706652496463,12.504956113391557,30.411764416655423,120.63302496157085
3804,10.566667,359.5909248366197,12.451758652018654,30.435474879321838,120.6421415514884
3805,10.569444,359.61117683575657,12.39849132974178,30.459271008561508,120.6512248396513
3806,10.572222,359.6314358312818,12.345115740110774,30.483170019023213,120.66028131832927
3807,10.575,359.6379679038702,12.334614094778239,30.526974938018512,120.60704848182978
3808,10.577778,359.6646370585432,12.295237078555811,30.554003139145358,120.60547828223316
3809,10.580556,359.691312577683,12.25586004445551,30.58103290061014,120.60390913782861
3810,10.583333,359.7086869761992,12.232814369791058,30.568902069272063,120.6264045248004
3811,10.586111,359.72436154955017,12.19615354788807,30.6037348474555,120.6227265350583
3812,10.588889,359.7400369095731,12.159485642916,30.638580446154407,120.61904589879062
3813,10.591667,359.7386812349335,12.107237762291021,30.672087831314762,120.60689258444866
3814,10.594444,359.7511648532558,12.068505505513048,30.70931891654749,120.59849779612033
3815,10.597222,359.76365123403264,12.029751286108603,30.746572113069085,120.59009767636583
3816,10.6,359.74988629838947,11.986587246268417,30.771458448138773,120.58128018749322
3817,10.602778,359.76083333165394,11.945140106329823,30.798885718798417,120.58649696133197
3818,10.605556,359.77178036726417,11.903689753272339,30.82633981304192,120.59170247608158
3819,10.608333,359.7775618753031,11.862675881846137,30.85476171228843,120.56453681441015
3820,10.611111,359.77957030018825,11.791168932905936,30.90878989179197,120.55873237956256
3821,10.613889,359.767576247567,11.742294540073669,30.932582421700594,120.55455118341486
3822,10.616667,359.77776166824714,11.704585295140525,30.93549741586282,120.54814121727661
3823,10.619444,359.78794311020766,11.666896187292334,30.93838992974915,120.541770506465
3824,10.622222,359.7733457385152,11.627371559392977,30.923546375792498,120.52600582240218
3825,10.625,359.7795180932328,11.601878781577604,30.924502840867255,120.52404543110912
3826,10.627778,359.78569052803886,11.576379089281644,30.925456841882692,120.52209609967325
3827,10.630556,359.79631160036985,11.557163890346263,30.92012889280781,120.53633414045926
3828,10.633333,359.80692886481773,11.537955808361048,30.91479272727789,120.55055054364463
3829,10.636111,359.8175499673761,11.518741023970666,30.90944450770248,120.56475548024154
3830,10.638889,359.8035752102685,11.445322381350003,30.914695812795884,120.53340462213156
3831,10.641667,359.8102566641284,11.426918068793047,30.915844136507495,120.5345520483974
3832,10.644444,359.8169392184018,11.408535945388241,30.91697704362241,120.53570092711372
3833,10.647222,359.82000127658534,11.390567021591355,30.92264569247697,120.54377152238301
3834,10.65,359.8230643489805,11.372599061622019,30.928336620059298,120.55184444154206
3835,10.652778,359.82612843522264,11.354632076273802,30.93404978266205,120.55991964291722
3836,10.655556,359.8302338822018,11.322837635671888,30.94703947624069,120.55939051957422
3837,10.658333,359.83433796100866,11.291044549442233,30.960039064989296,120.55885689183857
3838,10.661111,359.8384436271912,11.259229952429614,30.973057888540055,120.5583183771274
3839,10.663889,359.8328829031571,11.238187672149987,30.97205968183551,120.56255754194713
3840,10.666667,359.849153109843,11.23056400113073,30.990984517067496,120.5634332795719
3841,10.669444,359.865848336436,11.22322216356348,31.009906526135893,120.56430587975821
3842,10.672222,359.84456136572135,11.17469277627482,31.003833482111112,120.5690768525029
3843,10.675,359.8233273535929,11.126244029390687,30.997764638813322,120.57385614837547
3844,10.677778,359.8021453219266,11.077875243824057,30.991700011699642,120.57864375305583
3845,10.680556,359.7891644818854,11.033746830640872,31.005187962080747,120.64260805940852
3846,10.683333,359.7741172491264,10.985621457673549,31.028247239382033,120.64341432388677
3847,10.686111,359.7590668478399,10.937458516409428,31.05134360642984,120.64421429675293
3848,10.688889,359.75196819616866,10.915365861863599,31.039658124427724,120.6571404420986
3849,10.691667,359.74041278008247,10.887057269639286,31.046497189300553,120.66169244290062
3850,10.694444,359.72886429735297,10.858757669098168,31.053335053447967,120.6662490707756
3851,10.697222,359.7216784045286,10.816211085468385,31.079254990733098,120.66530373031974
3852,10.7,359.71449339913624,10.773631943690273,31.10520852651947,120.66434798345573
3853,10.702778,359.707309282766,10.731020286198834,31.131195626401045,120.6633818255249
3854,10.705556,359.71959112358644,10.748298045895424,31.112678637683153,120.68121964007283
3855,10.708333,359.73187015810686,10.765571096402628,31.094161217332598,120.69905775608505
3856,10.711111,359.744155225554,10.782851873370454,31.07563003124374,120.71690901856103
3857,10.713889,359.7471739144766,10.832674827734735,31.01128451857698,120.73801125587919
3858,10.716667,359.75011489231997,10.821954533467103,30.999450719909227,120.73431922148059
3859,10.719444,359.7530550361077,10.811236422109399,30.98759274448215,120.73064412454447
3860,10.722222,359.7640423134227,10.797565865023362,30.99936805103085,120.73136852247363
3861,10.725,359.77503013148026,10.783894463304339,31.01114448177787,120.73209203110297
3862,10.727778,359.78601848884665,10.770222227540582,31.022922026881936,120.7328146499981
3863,10.730556,359.78596763740757,10.711498120220618,31.081274836148417,120.73285785545114
3864,10.733333,359.7975756513073,10.712763963274199,31.10918634298624,120.7349124412345
3865,10.736111,359.8099466629502,10.714464913505228,31.13711565263788,120.7369659873767
3866,10.738889,359.7894291180726,10.640440700552812,31.143378023580887,120.73595453907232
3867,10.741667,1.6909973358149344,11.52062043088948,31.127716868705356,120.72945641603873
3868,10.744444,3.5872277560406687,12.387692141506154,31.112032734474163,120.72300323271925
3869,10.747222,3.6057845106308424,12.376487590767649,31.114775323234795,120.72290178034187
3870,10.75,3.6094069634215664,12.355794234563156,31.132781649076826,120.71972203699112
3871,10.752778,3.613030761860573,12.335102525316572,31.150787198173866,120.71654608675534
3872,10.755556,3.6190521460788556,12.294046692807054,31.186139928024573,120.73191864093401
3873,10.758333,3.625074701311833,12.252957759828782,31.221543221195716,120.74727219546303
3874,10.761111,3.631102763959486,12.211806159329146,31.257022538248265,120.76261781888174
3875,10.763889,3.6412822553862956,12.174827368432108,31.26179806557245,120.77668988971034
3876,10.766667,1.734510968737169,11.275295746851828,31.262174438356553,120.77358187897146
3877,10.769444,359.8240266575305,10.363814580839968,31.262549585929044,120.77047904404857
3878,10.772222,1.730901055545944,11.252573137578246,31.273348681668963,120.76540773754338
3879,10.775,3.6329273062091865,12.128736810527464,31.284150177298685,120.76033592235159
3880,10.777778,3.6494660841237643,12.12141451607182,31.30201104297864,120.75243479718877
3881,10.780556,3.632751570627775,12.105132094946377,31.32063538068305,120.73967980920749
3882,10.783333,3.616040130784082,12.088857960852263,31.339250351206466,120.7269248800744
3883,10.786111,3.60423418870789,12.091665520707366,31.336357194982476,120.72325829126153
3884,10.788889,3.561842326037791,12.094085012587058,31.338252625933805,120.70907590804033
3885,10.791667,3.5194450296091997,12.0964992673252,31.34015746647392,120.69488778103751
3886,10.794444,3.554795620501345,12.10700542744296,31.343702476439915,120.6926526952753
3887,10.797222,3.523409804647251,12.07950487958745,31.352465988000787,120.68502436888663
3888,10.8,3.4920198185984557,12.052000511236425,31.36123215968467,120.67739677978663
3889,10.802778,3.5044047857841996,12.050067691975066,31.35562076530458,120.67442932886432
3890,10.805556,3.5215159969392165,12.044598819345772,31.360637098084936,120.66790180354924
3891,10.808333,3.5386199593404193,12.039127580891574,31.365652986833737,120.66137599108988
3892,10.811111,3.551603647131932,12.0486263865542,31.354193451227417,120.65357294620078
3893,10.813889,3.562286518112227,12.009464634522235,31.37462120714939,120.64171150530323
3894,10.816667,3.572973200657703,11.97023294435671,31.39512653880803,120.62983640987578
3895,10.819444,3.584605380100161,11.96080943785488,31.40333614024066,120.62548692100002
3896,10.822222,3.596242801621928,11.951373466016094,31.411559152446195,120.62113632253188
3897,10.825,3.6078812740355968,11.94192842297739,31.419792619260186,120.61678618383469
3898,10.827778,2.3672881281050593,11.350784871203818,31.406722620838018,120.62043324929114
3899,10.830556,1.1247142003991133,10.754405878189147,31.393655695981764,120.6240937576788
3900,10.833333,359.8808089328561,10.153053790299825,31.38059656555466,120.62776636483268
3901,10.836111,3.6529987045379073,11.926002481244243,31.355729140387076,120.59614525079131
3902,10.838889,1.7780829566129572,11.029638811790704,31.36072684587578,120.59390844281775
3903,10.841667,359.8988055692737,10.121420797236528,31.36572874796095,120.59167091825496
3904,10.844444,3.6153947282732837,11.854178370754163,31.369558895169057,120.58294421335158
3905,10.847222,1.7690115222659557,10.974134445269534,31.371281745584312,120.58064225659298
3906,10.85,359.91818628544394,10.082549825559596,31.3730058281577,120.57833705672594
3907,10.852778,3.592942155956047,11.796717843905284,31.365995578087855,120.57417196928215
3908,10.855556,2.851057941016176,11.471473593268847,31.35012546098595,120.56303621616682
3909,10.858333,2.108937329179563,11.143866764973062,31.334258160981364,120.55195234274358
3910,10.861111,359.92688660143176,10.077092665264164,31.365687622253937,120.53987945383115
3911,10.863889,1.7143262989228827,10.904319149596606,31.372857125393637,120.53067167990416
3912,10.866667,3.4977562589861826,11.720298785129373,31.380028718112506,120.52146598562122
3913,10.869444,359.9530277287699,10.011612157166063,31.42767112178103,120.48779126351512
3914,10.872222,359.94117845031747,9.974576625448858,31.45909371771583,120.4782853055455
3915,10.875,359.9293298652022,9.937527280297928,31.490533226788976,120.46877665113409
3916,10.877778,359.92747440771217,9.90999567358065,31.5126066789607,120.45607559358
3917,10.880556,359.92422342155186,9.855619722046004,31.553790623728503,120.45718293376997
3918,10.883333,359.92097339168606,9.801178658699925,31.595060241421685,120.45827401505518
3919,10.886111,0.6450878334854178,10.12172710962416,31.61172388932485,120.46254504524423
3920,10.888889,1.368429818645076,10.440863616980767,31.628391802825625,120.46682251901309
3921,10.891667,2.0909517126354977,10.758571413698583,31.645063965939315,120.47110641119242
3922,10.894444,2.5305070661803626,10.945940155280145,31.657402504834003,120.46510204798754
3923,10.897222,2.9699153426589184,11.132843027452818,31.669746163362518,120.45909406441554
3924,10.9,3.4090075810347287,11.319208888732486,31.68209049184184,120.45308462445404
3925,10.902778,3.5096611969372944,11.340226384276132,31.702447278596438,120.45366922612912
3926,10.905556,1.7176902198677269,10.46338715370112,31.730764472702546,120.43571825439402
3927,10.908333,359.9216738490899,9.578047107025675,31.75905273943811,120.41776802695738
3928,10.911111,359.9302875049965,9.566109248937792,31.72995572838999,120.41793916853821
3929,10.913889,359.9389010782083,9.554171502968575,31.700838853183953,120.41815557358292
3930,10.916667,359.94751456863474,9.542233872206179,31.67170215949698,120.41841723197514
3931,10.919444,3.5433986277004177,11.196002534032399,31.685950914370338,120.41273988861984
3932,10.922222,1.752209114177326,10.409486055241022,31.6601386985909,120.42202629256884
3933,10.925,359.9601015362896,9.602716738426256,31.634337091875445,120.43131907545286
3934,10.927778,359.93958080358766,9.5675381226052,31.649102210536718,120.4264289780149
3935,10.930556,359.9707859496006,9.504341653376827,31.662339554351398,120.41887376367025
3936,10.933333,359.97108144139463,9.482162837131202,31.672282587763384,120.41460534854737
3937,10.936111,359.9713770230787,9.459978163598944,31.682225612760547,120.41033857638051
3938,10.938889,359.9716725882441,9.437795626128946,31.692165042707046,120.40607498641954
3939,10.941667,359.9596828642648,9.411655512276287,31.70177637449072,120.40030372191735
3940,10.944444,359.93788087549603,9.38329491473398,31.707049433852106,120.39580892631291
3941,10.947222,359.91607537971254,9.354921580028211,31.71232223171721,120.3913197249881
3942,10.95,0.07548332563071014,9.691945494234599,31.530463124327525,120.38157324056995
3943,10.952778,0.23522882359805308,10.028233106217463,31.3496789160045,120.3718270489975
3944,10.955556,0.3953105478308707,10.363789284426705,31.16996341188539,120.36208115180669
3945,10.958333,0.3513860620452558,10.301818252528445,31.212700722828522,120.35547433204256
3946,10.961111,0.3481560029187456,10.295124140040926,31.212578912945254,120.3476404032718
3947,10.963889,0.3449260566059493,10.288430780138942,31.21245505978989,120.33980989726196
3948,10.966667,0.198015317959781,9.915644135965909,31.432110025253422,120.33265902048142
3949,10.969444,0.05154760720728646,9.541924223287943,31.653142785118476,120.3255106626659
3950,10.972222,359.90541810597705,9.166994680705493,31.87572040316212,120.31835967579671
3951,10.975,359.9103530705334,9.174045948240874,31.85998501539624,120.33547757033828
3952,10.977778,359.9221702235069,9.16949249514711,31.867496934976046,120.32482742097478
3953,10.980556,359.93398791320465,9.164937688222736,31.875009211729328,120.31417813879749
3954,10.983333,359.9441048632266,9.164740849588256,31.884123390943827,120.30612328716826
3955,10.986111,359.9542265604137,9.164541952937629,31.893242012187606,120.29806525871483
3956,10.988889,359.964349363035,9.164341068633377,31.90236179388539,120.29000695400218
3957,10.991667,359.9679899952655,9.154503660411443,31.922395235011116,120.27667152686804
3958,10.994444,359.97162923425526,9.144669377475115,31.94242197825274,120.26334087402374
3959,10.997222,359.9752697010973,9.134831138315864,31.962456445535743,120.2500053950349
3960,11.0,0.1333751117015467,9.507681105888071,31.762072500610536,120.23905745413897
3961,11.002778,0.2918534821736891,9.879508939136219,31.563083736648636,120.22810974669964
3962,11.005556,0.4507035484802646,10.25032147912351,31.365482047665772,120.21716227365091
3963,11.008333,0.45683304013673265,10.24502942073083,31.403295490400296,120.19348305745736
3964,11.011111,2.296137603541556,11.107362374517201,31.431544909604042,120.17336520410144
3965,11.013889,4.1310502347974065,11.957378927949108,31.459804299968035,120.15324018557293
3966,11.016667,2.944752795132903,11.401134332910647,31.476170543890014,120.1355120890711
3967,11.019444,1.7570119070640242,10.840005721610119,31.492534738491322,120.11778919781075
3968,11.022222,0.5671361221498437,10.273622293317267,31.508908670139228,120.10005874709513
3969,11.025,4.154807521075549,11.966630043120013,31.526793660340907,120.08485395956309
3970,11.027778,3.360706510039286,11.375868853339703,31.709999724242117,120.07260582765609
3971,11.030556,2.566579168934629,10.781929536432,31.894493841985962,120.06035913799202
3972,11.033333,4.469927852791232,12.143240563297425,31.578536420259212,120.05045148107239
3973,11.036111,4.439567568971341,12.140073627194553,31.60283509080198,120.03006140491128
3974,11.038889,4.40920553386462,12.136906502978889,31.627134144993015,120.00967147739784
3975,11.041667,4.427545925279729,12.16297009500978,31.629882800681024,120.00290781430782
3976,11.044444,4.410073150785207,12.172347694029387,31.64950996780442,119.98516322506201
3977,11.047222,4.392590387348735,12.18172831063336,31.669143182338196,119.96741507086053
3978,11.05,4.387418210330322,12.20901121883329,31.680507986529385,119.94322527393622
3979,11.052778,2.408364435612345,11.300891565935824,31.725661371723525,119.92525222854077
3980,11.055556,0.4242938995936818,10.379953613633063,31.770783793409606,119.90731904761621
3981,11.058333,4.304038775721017,12.22492964197561,31.792333361363106,119.89150350793655
3982,11.061111,2.3858344249722556,11.39123193787199,31.763699975926464,119.87836906062965
3983,11.063889,0.46270177306422333,10.5451505854551,31.73512992282909,119.86521475824877
3984,11.066667,4.197459253480243,12.300062008451999,31.807842545446825,119.81445423297161
3985,11.069444,2.307782776904121,11.430135503052515,31.829456789260732,119.80297171151655
3986,11.072222,0.4128576043489769,10.547747299189137,31.851079645237007,119.79148432432454
3987,11.075,3.8032440121885784,11.604468862902625,32.27424746656906,119.75719479462889
3988,11.077778,1.9928913064964107,10.772194330553809,32.31147553858206,119.74641660199002
3989,11.080556,0.1783602314541124,9.928847425998939,32.34868933075963,119.73565808904404
3990,11.083333,3.770814017960724,11.553258462874606,32.42850566483187,119.75116479264777
3991,11.086111,1.9813989197843878,10.733527545842652,32.43896346044321,119.7428765671085
3992,11.088889,0.18791243847525152,9.902953170349075,32.44941497112687,119.73459030031559
3993,11.091667,3.7477863954529695,11.574330685112148,32.461085691627204,119.72954076914583
3994,11.094444,0.22157569535499277,9.956146409608643,32.45252737637808,119.68501856407867
3995,11.097222,0.22645050621703078,9.95755495684097,32.46788164434968,119.67353906839175
3996,11.1,0.23132593525762957,9.958963511406981,32.483235403311824,119.66206558247448
3997,11.102778,0.2362019826308135,9.960372073336181,32.49858865084367,119.65059811943068
3998,11.105556,3.4916885382521574,10.858966754500116,32.98866862822684,119.64747455945194
3999,11.108333,1.685307414499265,10.019339599475074,32.99726191060754,119.63715415845415
4000,11.111111,359.8742234721847,9.16767359655828,33.005859921866694,119.62682640677129
4001,11.113889,359.8697968876253,9.161880330859379,33.02457792008776,119.61961047168064
4002,11.116667,0.0954622124861757,9.660998743994462,32.77250960563294,119.62004946592852
4003,11.119444,0.32176961184317143,10.157789635063757,32.523378085947165,119.62049156362154
4004,11.122222,0.1790517756804686,9.843331078889136,32.69849609896289,119.61370040856384
4005,11.125,0.03670844590861222,9.528327827071799,32.87454294072131,119.60689479517022
4006,11.127778,359.8947402670721,9.212775570491306,33.05152357885774,119.60007471621726
4007,11.130556,359.93783311035855,9.217327998755515,33.066625442666904,119.58543006492452
4008,11.133333,359.9808988301618,9.221883379544018,33.08172360229515,119.5707902258962
4009,11.136111,0.023968442609396234,9.226444996743531,33.096828931304145,119.55614465593591
4010,11.138889,0.03044316093968824,9.229814902019548,33.07793924955123,119.56192376093783
4011,11.141667,0.0353738455506587,9.214226803086738,33.08537420004304,119.5556557233282
4012,11.144444,0.04031332022427314,9.19864421281557,33.09280815200274,119.54938954740432
4013,11.147222,0.0878534461692908,9.210669167853688,33.06976141947432,119.55634014489188
4014,11.15,0.0470203370150184,9.177334849247238,33.06818310099821,119.55226774131516
4015,11.152778,0.006181817820737123,9.143996787315906,33.06660472660034,119.5481948856844
4016,11.155556,0.025318117435498166,9.142000991296474,33.0561058403349,119.549500365248
4017,11.158333,0.04445353133323415,9.140007438889274,33.04560853125365,119.55080398472258
4018,11.161111,0.0636018319580316,9.138014694337855,33.03510523857592,119.55210668060393
4019,11.163889,0.08069547868445603,9.065757893942557,33.10241617570934,119.54047744283189
4020,11.166667,0.12435081780118651,9.105204386474725,33.08133148272016,119.51613915216576
4021,11.169444,0.16816860931549904,9.144959031890167,33.06025224763466,119.49174926685733
4022,11.172222,1.301972620167259,9.660088351088497,33.04371893516329,119.47746622291423
4023,11.175,2.435831684076261,10.166979440636382,33.02718556670848,119.46318611994259
4024,11.177778,3.569876932676191,10.66575856331556,33.01065212844094,119.44890897128336
4025,11.180556,3.602128576401803,10.657437301481533,32.93770030178355,119.46952533823271
4026,11.183333,3.6136757707341545,10.640442746296483,32.9308639198523,119.4685196240555
4027,11.186111,3.6252278043883877,10.623440424354904,32.924026103111835,119.46751364709321
4028,11.188889,3.7406999021467335,10.657357672481684,32.910493447148305,119.47483777312145
4029,11.191667,3.856108575461855,10.69130126918057,32.89696073608729,119.48217520111201
4030,11.194444,3.9714121870356216,10.72525897650587,32.88343284477203,119.48952325702281
4031,11.197222,3.970452346974257,10.662666518104569,32.89690318714206,119.49101304654572
4032,11.2,3.9983327466284866,10.629512713971682,32.88998190610481,119.49796043612155
4033,11.202778,4.0262092206593465,10.59635050276534,32.88307153626561,119.5049069459778
4034,11.205556,4.023021186992633,10.552202076057483,32.875092631662575,119.53974426778474
4035,11.208333,4.178503103925516,10.909171008526016,32.604457228637976,119.5571151792826
4036,11.211111,4.334091860221273,11.265587057407494,32.33444079182525,119.5745122552202
4037,11.213889,4.345103770500998,11.241874626205131,32.3433902849393,119.61326072396211
4038,11.216667,4.3602751952958005,11.228704182833749,32.323058533487504,119.61921511669858
4039,11.219444,4.375437772864759,11.215537172290226,32.30273464321239,119.62516867972774
4040,11.222222,4.39979163742964,11.11786497915044,32.40052752990397,119.60568936361089
4041,11.225,2.564006790464605,10.262325604421548,32.37907896584544,119.60330663645568
4042,11.227778,0.7249714565107972,9.386361536220406,32.35761694670093,119.60093711485636
4043,11.230556,0.7214517307314896,9.339820484112689,32.36173281524065,119.59625831256064
4044,11.233333,0.5752944073290873,8.918524792846469,32.58006469072183,119.60400995080248
4045,11.236111,0.42905861647117405,8.49631175757111,32.7992291253235,119.61176630677794
4046,11.238889,0.4377135323734631,8.452500277300079,32.79211061138475,119.6206237015139
4047,11.241667,0.45016682512428297,8.416159641645216,32.79629333660346,119.62204869229116
4048,11.244444,0.46260349422292,8.37982466263136,32.800481019893645,119.62346458532399
4049,11.247222,0.49418024657050275,8.377079787006839,32.779742828676675,119.62843847218552
4050,11.25,0.47366087583629657,8.322576514014841,32.78334254325067,119.66514539249023
4051,11.252778,0.4865556211931672,8.343803869697563,32.737845806112254,119.67897393293889
4052,11.255556,0.5001630946821791,8.328693971652623,32.719009493788356,119.69447906786779
4053,11.258333,0.5137797468371126,8.313592418871469,32.700179037155195,119.70998085488553
4054,11.261111,0.9376146249416628,9.524970456262722,31.866738397334743,119.74180948658316
4055,11.263889,1.3567421639498267,10.740802905276663,31.024131824150793,119.77363982963136
4056,11.266667,1.7712118858636625,11.960943403186768,30.172555205742043,119.80547189748835
4057,11.269444,0.5729453558172697,8.260742225138582,32.63545823240518,119.77752823355293
4058,11.272222,0.9665657028733978,9.019725834128256,32.17118520942519,119.80766933702567
4059,11.275,1.3637205867118123,9.772583218853516,31.716547449913968,119.837847902396
4060,11.277778,1.2460206322233507,9.494663665276395,31.814465850299136,119.86049364528553
4061,11.280556,1.1295027833736082,9.216318480699645,31.91398253640221,119.8831357773846
4062,11.283333,1.0141979577222386,8.937606185692616,32.01509238581589,119.9057661462913
4063,11.286111,1.003519606298891,9.050644859768017,31.926459236962494,119.92107575652257
4064,11.288889,0.9591004342743634,8.943791636181349,31.95538322695834,119.93515309495062
4065,11.291667,0.9149175161621894,8.836950596230658,31.98452902429043,119.94924561002507
4066,11.294444,0.9995432183354627,8.991860529785743,31.89673958813446,120.00447170445592
4067,11.297222,0.9374115306174957,8.890306158045632,31.90187617238456,120.02103617050058
4068,11.3,0.8755104863867373,8.788854947526026,31.907139107099702,120.03760593436833
4069,11.302778,0.8922807655597182,8.793081995996229,31.889640545896718,120.06543389597856
4070,11.305556,0.8832274913750808,8.79713388378806,31.85932985078594,120.06964332604458
4071,11.308333,0.8741641825692898,8.801144473479319,31.829060484906627,120.07385302469486
4072,11.311111,0.9020330791337514,8.77771995747096,31.84080558887357,120.09756201046999
4073,11.313889,0.7804630814645375,8.422802627212878,32.04222613329411,120.10915785738284
4074,11.316667,0.6589501563343632,8.067328918120655,32.24426533164729,120.12075076439832
4075,11.319444,0.6786781387345275,8.073671655410124,32.23406572269793,120.13123911606415
4076,11.322222,0.7012325016489172,8.069374275232093,32.23636553778061,120.13389863691332
4077,11.325,0.7237962932933026,8.065079009580874,32.238665963787284,120.13655718171485
4078,11.327778,0.7419763380104829,8.057864812389937,32.23586993817396,120.14723244194367
4079,11.330556,0.8913323148033871,8.393806513637376,32.029167303577744,120.14964605139987
4080,11.333333,1.0406516409118307,8.729003570947029,31.823174311583493,120.15205832670968
4081,11.336111,1.0750592194479829,8.739700358129994,31.810127337301907,120.15916559171426
4082,11.338889,1.0852200825808573,8.703186769272861,31.83004879289031,120.13028218784329
4083,11.341667,1.095381682214514,8.666645292195291,31.850001364552128,120.10148726923755
4084,11.344444,1.1186064987567015,8.673168958440826,31.7183381544466,120.31807303280907
4085,11.347222,1.1418456128055023,8.679695903160717,31.58762534821455,120.5329518688721
4086,11.35,1.1650906511190229,8.686223776361903,31.457899324706624,120.7460658781486
4087,11.352778,1.2007079534506566,8.678946922986619,31.59657352299064,120.67074054131201
4088,11.355556,1.2363521989884294,8.671675833854579,31.735500105860403,120.59550071360316
4089,11.358333,1.2720104934189038,8.664413126134978,31.874627781861363,120.52037692837094
4090,11.361111,1.041401603311506,8.023852402003762,32.259051094167944,120.49684501303192
4091,11.363889,1.0701232181255964,8.023917537752958,32.23199910335565,120.51878887596881
4092,11.366667,1.0988359040606923,8.0239849909115,32.20494321376766,120.54072726371702
4093,11.369444,1.1230245463129904,8.027131967682013,32.1864977616535,120.54990951956582
4094,11.372222,1.1475621581378146,8.030372386664567,32.168042157551085,120.559094791692
4095,11.375,1.1724417189886953,8.03370425869861,32.149583044542545,120.56827977330282
4096,11.377778,1.090552491660075,8.051900236626327,32.13481441866964,120.56291677235619
4097,11.380556,1.1497494487716278,8.05016007051007,32.09486477332647,120.38387142977807
4098,11.383333,1.209761630913663,8.048531798432812,32.054643422946455,120.20403922151702
4099,11.386111,1.2167621065667031,8.068787642337675,32.02920092581451,120.20699521511408
4100,11.388889,1.2237648458350723,8.089024900449434,32.003778307649874,120.20995052339366
4101,11.391667,1.230769846864181,8.109243579840328,31.978375561444423,120.21290514631447
4102,11.394444,1.2208028934641284,8.03652676683745,32.024741825954486,120.22021257520596
4103,11.397222,1.2228430557510759,8.040145171680596,32.00843205448169,120.22490244870956
4104,11.4,1.2248867449563967,8.04376983187256,31.992119298239714,120.22959158542677
4105,11.402778,1.2241760477319694,8.047868844407926,31.96119167545301,120.24132843213722
4106,11.405556,1.2369537843512486,8.032988947531098,31.955404104060854,120.24398471913197
4107,11.408333,1.2497291996466355,8.018114070366952,31.949618381506056,120.24664076782746
4108,11.411111,1.2624268402947436,8.010611397165544,31.9313946711141,120.25149370784071
4109,11.413889,1.2751249021096172,8.003108194945192,31.91315590610492,120.25633655325099
4110,11.416667,1.2852093473991708,7.956659927351886,31.98210048502198,120.21877933580093
4111,11.419444,1.3012835851304576,7.947555793719761,31.9844048095935,120.21929159830925
4112,11.422222,1.3173662144658742,7.9384488503872035,31.986709730200808,120.21980441272648
4113,11.425,1.3411688406240376,7.94488653414329,31.954107907054343,120.23346697561483
4114,11.427778,1.1769634915564264,7.902740616189032,31.92986916836258,120.24172522395382
4115,11.430556,1.013241302289856,7.859915139476026,31.905630606243598,120.24998352442388
4116,11.433333,1.0245630266618626,7.859427431665619,31.868129950662606,120.27999315768353
4117,11.436111,1.0358915021479067,7.858942492203273,31.830614614810294,120.31001277194447
4118,11.438889,1.0472226474535518,7.858460497897905,31.793098116435765,120.34003154634364
4119,11.441667,0.9115246135430457,7.7933969286042135,31.7748140964486,120.35657143283127
4120,11.444444,1.1571046093725084,7.9214903893893975,31.706964823391893,120.3713143642053
4121,11.447222,1.404067317784106,8.048521256263701,31.63915049126735,120.3860788254113
4122,11.45,1.0333365156802685,7.9080423820179,31.651591266208463,120.42172218483454
4123,11.452778,1.0492059596952128,7.885318298753994,31.658751244976003,120.41552776501224
4124,11.455556,1.0650792382920695,7.862600086339665,31.665904448912052,120.40933250274209
4125,11.458333,1.20174448631089,7.889753811441352,31.647923510474527,120.39474468358445
4126,11.461111,1.3390336017687847,7.916741059176573,31.62993460642779,120.38022976575341
4127,11.463889,1.4769060722123015,7.943553844563013,31.611944213814986,120.3657927429981
4128,11.466667,1.05054916146352,7.791116664225989,31.5933180194291,120.36949309776138
4129,11.469444,1.2617509210570574,7.811577613021209,31.62407321441715,120.37565390951143
4130,11.472222,1.4740132665495125,7.831434180131046,31.654874322581115,120.38181270801827
4131,11.475,1.4719346777433913,7.860092855800858,31.593368033445586,120.40105388426518
4132,11.477778,1.452390295900063,7.815410120181621,31.60586872221637,120.40732762435134
4133,11.480556,1.4328503702008781,7.770725967069936,31.618376263411037,120.41360028273776
4134,11.483333,1.4312942323487725,7.760802965225059,31.61041350218182,120.42382353595686
4135,11.486111,1.4297396704449028,7.750878086864256,31.602448494817644,120.4340499340832
4136,11.488889,1.4281872453030466,7.7409549061954,31.59448410883224,120.44427579558227
4137,11.491667,1.4371165811698852,7.75505778221795,31.558932857398155,120.45599608347514
4138,11.494444,1.442386939244912,7.756632813031326,31.53590391938237,120.47696747873412
4139,11.497222,1.4476617941929568,7.758208663450516,31.512874559794525,120.49793613020184
4140,11.5,1.0150009258979296,7.612194536103734,31.477039663755697,120.56177862676667
4141,11.502778,1.0202580614305319,7.19403973147211,32.23218332528653,120.18609381580758
4142,11.505556,1.0255218462200375,6.782781850963129,32.98045848878047,119.8104485563248
4143,11.508333,1.0603424451137773,6.783413487123967,32.96942910022009,119.819372530817
4144,11.511111,1.2976236565371195,6.878714870237443,32.93797224525441,119.83547390797973
4145,11.513889,1.535583122630447,6.973190572666747,32.906515709143584,119.85157411051684
4146,11.516667,1.546749000144084,6.969404464286752,32.89471241886536,119.85621540345902
4147,11.519444,1.5482724478271557,6.953440356534156,32.88748268126229,119.87276387264193
4148,11.522222,1.5497989746541663,6.937471582928763,32.880254645257786,119.88931587065493
4149,11.525,1.5818633923559666,6.926653445531292,32.87661393329166,119.92092128757868
4150,11.527778,1.5906577188647901,6.913483088884854,32.87103714603063,119.93573661595569
4151,11.530556,1.5994526748182327,6.900312205361825,32.86546247647865,119.95055094825166
4152,11.533333,1.622545463293429,6.888807648331342,32.86012773267367,119.9647775445077
4153,11.536111,1.6310432360070521,6.877982892382523,32.82409777873371,119.99211424901243
4154,11.538889,1.6395423963721836,6.867158880565295,32.78806022906973,120.01946059017753
4155,11.541667,1.4690142621988933,6.789058736419072,32.76793385612555,120.02846832386074
4156,11.544444,1.298674972017789,6.710431265491668,32.747806361452675,120.03748053122037
4157,11.547222,1.1283891474769199,6.631213877870804,32.727663252372636,120.04650370154665
4158,11.55,1.1442741780046664,6.629368399807747,32.70310107957644,120.06228278983725
4159,11.552778,1.1601601412748472,6.62752323471774,32.678539002398566,120.07806065240761
4160,11.555556,1.176047033075866,6.625678382586248,32.6539770284593,120.0938372816489
4161,11.558333,1.192298312195339,6.622670602975408,32.630489536205936,120.11141699185707
4162,11.561111,1.214169123440195,6.620499832818407,32.590682049170766,120.1291716458178
4163,11.563889,1.2360583163753596,6.618329681803862,32.550878325266915,120.14692515592365
4164,11.566667,1.25353742206679,6.6024217004460795,32.55539996392713,120.17172800149974
4165,11.569444,1.267329046351568,6.60719642496125,32.56522116284369,120.18290929583226
4166,11.572222,1.272372092413395,6.599932365147685,32.54819329923762,120.1840083110241
4167,11.575,1.2774192676533502,6.592669756100914,32.531158209345186,120.1851105869756
4168,11.577778,1.2824705719176581,6.585408596793648,32.5141158951112,120.18621612538787
4169,11.580556,1.424834248815415,6.622219722620336,32.50253745627557,120.19174694735572
4170,11.583333,1.5674532327477255,6.658738180304461,32.49096459207387,120.19727415831552
4171,11.586111,1.7104374875710828,6.694992803613209,32.4793889720949,120.20280173600081
4172,11.588889,1.6993232648046526,6.671677841741921,32.4474833226328,120.22791501403303
4173,11.591667,1.698503926400841,6.663409471954024,32.4285223897955,120.23350372685435
4174,11.594444,1.6976859153045023,6.655144486071073,32.40957229882086,120.23908922148478
4175,11.597222,1.704555210163388,6.656982263262636,32.384045423210615,120.24713578793445
4176,11.6,1.4555316756704055,6.529314239238181,32.40758645883384,120.23298999128066
4177,11.602778,1.2067798639483929,6.400798016837241,32.43110337557493,120.21884615522426
4178,11.605556,1.2224479946501745,6.39736056276884,32.415337390505236,120.18024381015992
4179,11.608333,1.2049797611556254,6.383570139895619,32.36291463466776,120.22176187914728
4180,11.611111,1.1875034353273364,6.369771794751927,32.31046681066138,120.26327571658653
4181,11.613889,1.168071244993797,6.357452499691911,32.28601796996988,120.21363878583453
4182,11.616667,1.1718885126598746,6.351038901738971,32.260091834503186,120.25659510956923
4183,11.619444,1.1757070922753439,6.344627949979758,32.23417572167033,120.29957549522614
4184,11.622222,1.1872446988010417,6.348045366387142,32.20641254707822,120.31152996217385
4185,11.625,1.1987872832354594,6.351462435791593,32.178649604936645,120.3234861809613
4186,11.627778,1.2103348493282198,6.354879158521371,32.150886905047486,120.33544414273017
4187,11.630556,1.4584958936525396,6.4874595715256405,32.10050567714461,120.34696852870836
4188,11.633333,1.450956007360178,6.47302742237089,32.075574550885754,120.37067650578079
4189,11.636111,1.4435311392235537,6.4586619317193,32.050644465427375,120.39438194604209
4190,11.638889,1.4466292258230098,6.4629985725141115,32.04609831660401,120.42217513826658
4191,11.641667,1.4475647145111736,6.463707096499039,32.02519612159754,120.43141320438086
4192,11.644444,1.4485003574287312,6.464415767507827,32.00429866003917,120.44064797859001
4193,11.647222,1.448228052514695,6.4584256333793775,31.99063368148395,120.43442204804681
4194,11.65,1.447956813638335,6.4524357781221635,31.976967540497675,120.42822660576816
4195,11.652778,1.4476866407215354,6.446446201524616,31.96330023936806,120.42206159907458
4196,11.655556,1.4196551346168143,6.415174920933003,31.952182275424505,120.4292590898793
4197,11.658333,1.391635388109803,6.383913511282367,31.941053844458615,120.43646882387581
4198,11.661111,1.363607225973972,6.3526394625664135,31.929906920196203,120.44369600684679
4199,11.663889,1.2885672082935145,6.328314903474949,31.920080569334843,120.45032795992059
4200,11.666667,1.2135965307268535,6.3038957161856235,31.910253952401135,120.45695987623616
4201,11.669444,1.138720878931057,6.2793902614472845,31.900430606993737,120.46358936832958
4202,11.672222,1.38304712088331,6.374239984144808,31.908554092305565,120.49300258284002
4203,11.675,1.3926587426362662,6.377367090175397,31.889616292848544,120.46418045439306
4204,11.677778,1.402268342009478,6.380494849402281,31.870682510205093,120.43542810394077
4205,11.680556,1.3853806089235974,6.370835457156536,31.868656712504958,120.43976327256844
4206,11.683333,1.3864233094659255,6.3695617479637185,31.86814284940452,120.41402175984645
4207,11.686111,1.387466011287822,6.368287497332265,31.867627889749862,120.38825186875432
4208,11.688889,1.4335916686599273,6.3540078266814355,31.887302426044037,120.38971994395935
4209,11.691667,1.4179925252666852,5.845611651177412,32.92840990694619,119.9070375646315
4210,11.694444,1.4023983316822086,5.350710830422241,33.95698404660003,119.42343909561934
4211,11.697222,1.4040330183767757,6.3657589273308925,31.88364418540109,120.48227475902333
4212,11.7,1.4011441209847089,6.331497816701415,31.932434628542403,120.46547409006153
4213,11.702778,1.3982569107992529,6.297255744294414,31.981206306663168,120.44867336669465
4214,11.705556,1.3575651465950198,5.944524677859421,32.658213191551326,120.10821370488786
4215,11.708333,1.3168937663440214,5.597589516728064,33.329750557118885,119.76740594559227
4216,11.711111,1.2762133537261349,5.256077508738867,33.99640138296939,119.42602812888346
4217,11.713889,1.2778268392898866,5.253661810847891,34.00036417932972,119.42331598067467
4218,11.716667,1.2872472668241546,5.259983830842101,34.00154611593298,119.42244269080906
4219,11.719444,1.296663754664264,5.266302167203397,34.002727792763324,119.4215695268132
4220,11.722222,1.2673309316582664,5.237148104886927,34.02169715237896,119.41978866372385
4221,11.725,1.2695159330454313,5.240069522469231,34.024037757641246,119.4141171437288
4222,11.727778,1.271699902611111,5.242990092287467,34.02637864188173,119.40844495264143
4223,11.730556,1.1677279690254156,5.197616083097769,33.990144860617406,119.42763039291414
4224,11.733333,1.1677680930728975,5.191886210721764,33.96142146373102,119.43591913212536
4225,11.736111,1.1639556109974336,5.183142119323053,33.958258589040504,119.35771944241729
4226,11.738889,1.1513186958909873,5.168774523685034,33.97532552301274,119.33659974884371
4227,11.741667,1.138683354818017,5.154409404606584,33.99239340442583,119.31546645861222
4228,11.744444,1.1254295325434818,5.169204201977715,33.95441600512947,119.64446138428265
4229,11.747222,1.1253907964887606,5.158838345798367,33.96848476020573,119.63866735054621
4230,11.75,1.125351846247515,5.148476453767472,33.982549586048776,119.63287353262929
4231,11.752778,1.1157708391791683,5.151085404705382,33.962314487057434,119.6378441615236
4232,11.755556,1.1061900056554705,5.153697235367115,33.94207592145925,119.64281477503671
4233,11.758333,1.0966127944537085,5.156311005789577,33.92184117594215,119.64778358291984
4234,11.761111,1.0760029270499452,5.484504328439339,33.221376594128174,119.97547785109454
4235,11.763889,1.0553960241741809,5.818670376925942,32.51535454636229,120.30273117138178
4236,11.766667,1.0347920845262433,6.158945794712027,31.803667324486796,120.62951461901868
4237,11.769444,1.0331848976207727,6.168625031604098,31.782879312330273,120.62935422901403
4238,11.772222,1.0315773355208755,6.178309565003261,31.762088845815377,120.62921253419175
4239,11.775,1.029969976989399,6.18799590991822,31.741303406616957,120.6290895209883
4240,11.777778,1.013148512247616,6.1720963141682805,31.728129535535032,120.63674660332457
4241,11.780556,1.0092356065136254,6.167519917263313,31.717162949041708,120.64047216704272
4242,11.783333,1.0053238305814922,6.162944837718648,31.706198845810327,120.64419546321507
4243,11.786111,0.9958222346581387,6.147002459133539,31.701776452315116,120.64554928464032
4244,11.788889,0.9863201793883185,6.131059004773393,31.697353907638593,120.64690047774182
4245,11.791667,0.9768176644351207,6.115114475080592,31.692931213036488,120.64824904118545
4246,11.794444,0.9950382547980752,6.114102789734945,31.683191948713848,120.66332085523605
4247,11.797222,1.0034894191322596,6.108156707656516,31.66498536603938,120.66665552023683
4248,11.8,1.0119405290760142,6.102210769605726,31.646774420157215,120.66998835431441
4249,11.802778,0.9858580041616012,6.069470276680725,31.652259090471972,120.627682548875
4250,11.805556,0.9935612188662546,6.067215476536109,31.631225442062785,120.67120919084813
4251,11.808333,1.001263850932144,6.064961694649725,31.6102006138765,120.71473237145678
4252,11.811111,1.0193223386237005,4.9928649328172,33.752723517112265,119.59802079530171
4253,11.813889,1.0265940798610487,4.9900670719108415,33.73039318297615,119.60709340298659
4254,11.816667,1.0338661315485798,4.987269296952462,33.70806144148928,119.61616705329008
4255,11.819444,1.0513345388528954,4.983169822654256,33.684621920744846,119.62718977709368
4256,11.822222,1.0688174248643154,4.979069515457557,33.661173196736044,119.63821708389706
4257,11.825,1.0863084991381733,4.974969851562509,33.63772371848584,119.64924499733341
4258,11.827778,1.0766614277127324,5.309947914325546,32.90712574496879,120.03178829506628
4259,11.830556,1.0670129998852467,5.651079080508383,32.17109148771311,120.41362195465878
4260,11.833333,1.0573666888964137,5.998380929552081,31.42977962597198,120.79457441162957
4261,11.836111,1.0523916880348612,4.963995516035396,33.50487263393428,119.82910099238352
4262,11.838889,1.0444786541637257,4.951419422558853,33.484741370461684,119.83192773042735
4263,11.841667,1.036565238141101,4.938843627636718,33.46460676294968,119.83475652583657
4264,11.844444,1.036159748912727,5.969745092282066,31.316177734265437,120.92437221047454
4265,11.847222,1.0200557832291182,5.948338050377618,31.3009592507783,120.92804623881513
4266,11.85,1.0039507577436506,5.926929249191225,31.285740455248167,120.93171979346651
4267,11.852778,0.9926783572320481,5.906805591836205,31.273893675268297,120.92776498839079
4268,11.855556,0.9814053733704906,5.886680974717708,31.262046216219815,120.9238155497493
4269,11.858333,0.9701358648394933,5.866562643794476,31.25020234933809,120.91987289955942
4270,11.861111,0.9611732880760417,5.852828329918973,31.237985842084413,120.91090998042544
4271,11.863889,0.9522106197380751,5.839093310975951,31.225769409646595,120.90199803618263
4272,11.866667,0.943247859929782,5.825357587307515,31.21355305621598,120.89313693980758
4273,11.869444,0.9561997528722745,5.81585828929251,31.204909432156136,120.89998860252426
4274,11.872222,0.952546204950357,5.8096484443737495,31.17037001343745,120.90221104093293
4275,11.875,0.9488928406004717,5.803437879024621,31.135808810842285,120.9044548628981
4276,11.877778,0.9726256815117704,5.80520254557438,31.124734169793214,120.91155146224925
4277,11.880556,0.9772299875598822,5.8036658958072,31.108462846380647,120.92338630430858
4278,11.883333,0.9818323339307558,5.802129625152373,31.092197688778235,120.9352150204708
4279,11.886111,0.9775276015681165,5.785016110512947,31.113335366141023,120.92960394572886
4280,11.888889,1.0024655813647136,5.797224115127532,31.100454783996717,120.93510168955406
4281,11.891667,1.0057954883784124,5.791828131074398,31.08724851747423,120.94352589512285
4282,11.894444,1.012879241180352,5.786764901492296,31.074957106293134,120.9679803066221
4283,11.897222,1.0199636361960298,5.781698755337313,31.06267249535471,120.99242683442209
4284,11.9,1.014236631856427,5.790049311930966,31.042273122067122,121.00780071930036
4285,11.902778,1.0152312772844247,5.7844031480253,31.035385968878906,121.02157358309266
4286,11.905556,1.0162254411363207,5.778756464725676,31.028499757945312,121.03534542681622
4287,11.908333,1.0175504079239328,5.771948753743494,31.0780000512573,121.44989737285555
4288,11.911111,1.023417498612325,5.757538752318283,31.040085655624075,121.26149784297588
4289,11.913889,1.0292854905894213,5.743128327034983,31.001656839525467,121.07221574055406
4290,11.916667,1.1883141397874937,6.106340548249875,30.78662505883043,121.08212315018837
4291,11.919444,1.347646831822157,6.46849454640445,30.572958338440138,121.0920279673448
4292,11.922222,1.5073974289335759,6.829856449656445,30.36049660151825,121.10193732556327
4293,11.925,1.0337066283778622,5.684712933614293,31.082953412460114,121.52475141308277
4294,11.927778,1.2205838987627207,6.097864622766673,30.802230361960554,121.31779261179817
4295,11.930556,1.408082390018345,6.509704481690754,30.5229302284892,121.10971763533517
4296,11.933333,1.4114033966006705,6.489059155660904,30.63004636974177,121.54047617327508
4297,11.936111,1.4754924911633456,6.63219415108399,30.495993483680493,121.3291495654798
4298,11.938889,1.5395712949883436,6.775236803241244,30.36146308932568,121.11671066856807
4299,11.941667,1.5103839173770197,6.734150732949809,30.364170667470212,121.1247601091787
4300,11.944444,1.5218684366144384,6.717463563759111,30.39534701098507,121.11657676829462
4301,11.947222,1.533357004718038,6.700786877214419,30.42651870186684,121.10838946305405
4302,11.95,1.5340159130763151,6.689688562079397,30.429473937180717,121.10883780359991
4303,11.952778,1.5346753962683923,6.678591181597728,30.432427655795507,121.10928704398539
4304,11.955556,1.535335454327388,6.667494735977963,30.43537985741206,121.10973718435683
4305,11.958333,1.5367756599606963,5.659797746550822,32.51349496572047,120.07699895055684
4306,11.961111,1.31038364125523,5.130568298677163,32.79863133409753,120.08885759868049
4307,11.963889,1.0848379522510587,4.59939184779774,33.086568205964866,120.10071319768649
4308,11.966667,1.091937322575932,4.596373358189728,33.08790632606953,120.09823048133153
4309,11.969444,1.1027525878906275,4.590300541202481,33.088050592072165,120.09828961293768
4310,11.972222,1.1135730040010863,4.5842251430453445,33.08819503648987,120.09834893331568
4311,11.975,1.124688223437163,4.592135136752967,33.080358027338974,120.09895288886325
4312,11.977778,1.1368751392537337,4.58690214736732,33.08873852058941,120.09544271798394
4313,11.980556,1.1490642639474054,4.581668359125485,33.09712011427994,120.09193239318402
4314,11.983333,1.2726192768355453,5.199776878944121,32.256874311113556,120.43241523149881
4315,11.986111,1.396492346387685,5.8244169830754515,31.41079630353554,120.7725155448244
4316,11.988889,1.520638800282267,6.455399799193637,30.55917864332679,121.11208685736337
4317,11.991667,1.5338338869858639,6.444088563872851,30.567520615839122,121.10318780666834
4318,11.994444,1.5386168140960788,6.446856439930386,30.55259288937807,121.08699088066571
4319,11.997222,1.5434010218757201,6.449625598495691,30.537650220336815,121.07079384516506
4320,12.0,1.5653018326790153,6.451879687518568,30.541738858915828,121.06839835866755
4321,12.002778,1.5700541508421981,6.451117295614855,30.541744113369788,121.0672042132313
4322,12.005556,1.5748065787826953,6.450354862799184,30.541749436606054,121.06601018510396
4323,12.008333,1.5892459972289839,6.469930754075646,30.525759019083793,120.97369755154774
4324,12.011111,1.592050059378474,6.472568366198395,30.522265382512927,120.9707669425675
4325,12.013889,1.5948537279307935,6.475205803987885,30.518771822654585,120.96783599066585
4326,12.016667,1.5868576924880635,6.471838330428689,30.530173136513383,121.11144225199037
4327,12.019444,1.598786870000648,6.483264167502714,30.51704844602458,121.11242302657867
4328,12.022222,1.6107207493907971,6.494692234251003,30.503918735992166,121.11340554542461
4329,12.025,1.2599451903748378,5.614048944611577,31.009587407332788,121.11335337736968
4330,12.027778,1.2694090627508032,5.614132444145666,31.017348024222983,121.10700644450965
4331,12.030556,1.278872888728042,5.614215244592076,31.02510811756907,121.10065942466217
4332,12.033333,1.2787913172285492,5.61914000928167,31.024130282853918,121.09695821969599
4333,12.036111,1.2787094827180194,5.6240661050719485,31.02315248151993,121.09325556552237
4334,12.038889,1.278627414547275,5.628991758511486,31.022175065737628,121.0895527949247
4335,12.041667,1.2941219145876293,5.607058918876943,31.06880540241292,121.06532518952899
4336,12.044444,1.283858049229977,5.593763414310075,31.081929349640994,121.06330118288206
4337,12.047222,1.2735906946763809,5.580462978952619,31.095057283823948,121.06127680093552
4338,12.05,1.269924950540867,5.574296456060029,31.09982502295675,121.05646901486604
4339,12.052778,1.266259202892602,5.568130213966727,31.104592857117325,121.05166169081399
4340,12.055556,1.6456915716142824,6.47043548560741,30.584390167156528,121.05176284851514
4341,12.058333,1.6663614175433938,6.511682143382879,30.566281444250635,121.05033496044838
4342,12.061111,1.6870326085936433,6.552935772780794,30.548167402035823,121.04890684728606
4343,12.063889,1.545373492975493,6.223525586043847,30.73864217987807,121.00356084086779
4344,12.066667,1.403998164993462,5.893352263786923,30.930161278063686,120.95825264107522
4345,12.069444,1.2629579254977976,5.562531818840116,31.12265900392525,120.91299857825327
4346,12.072222,1.2741175910200901,5.545353092727073,31.158682129789035,120.90285889326155
4347,12.075,1.2852753337941039,5.528182543645487,31.194697178371875,120.89272077340745
4348,12.077778,1.2964311534200714,5.511020168687329,31.230704148408996,120.88258422291791
4349,12.080556,1.295966501370529,5.522789958484696,31.21758107277673,120.99144941971339
4350,12.083333,1.302354073764418,5.533103401576524,31.21373460090215,121.01470061781073
4351,12.086111,1.3087444605504572,5.543419696125516,31.209887877846555,121.03803695590703
4352,12.088889,1.1544896285774175,4.949206565701397,31.655133388590492,121.00658311275667
4353,12.091667,1.2442689485644376,5.250429946353494,31.447438486241808,121.04119258147374
4354,12.094444,1.3332799046098778,5.553866034178817,31.23674709645003,121.0759116113107
4355,12.097222,1.347439258622705,5.540906967107803,31.25927965923895,121.0715032622248
4356,12.1,1.361597735652193,5.527944386032829,31.281814827159764,121.06709586932077
4357,12.102778,1.3757553347485505,5.51497829182377,31.304352599268476,121.06268943265091
4358,12.105556,1.3749781995186208,5.513885622460352,31.3141998399876,121.0601065096124
4359,12.108333,1.381256742838886,5.512312622814333,31.325331525407016,121.05594381055197
4360,12.111111,1.3875370046746038,5.510737393197012,31.33646875424691,121.05177912924718
4361,12.113889,1.3962251554864356,5.511296685060163,31.348713156170156,121.05449939606443
4362,12.116667,1.2534367427940776,5.4416385135265255,31.358219779080464,121.05054832590552
4363,12.119444,1.1107065881549953,5.371857410476572,31.36772417626368,121.04659824266487
4364,12.122222,1.8779201285792144,6.602743537532785,30.721622202648405,121.01224965917909
4365,12.125,1.881957981444696,6.58637981337017,30.743613142773356,120.99176621263148
4366,12.127778,1.8859964653823305,6.570014316169372,30.765606454729387,120.9713165273386
4367,12.130556,1.7912981441813436,6.520483996599561,30.77797219314273,120.96411700986108
4368,12.133333,1.696632563198655,6.470894348590681,30.79033380596978,120.95692010890046
4369,12.136111,1.601931304941063,6.421209501868489,30.802700195800718,120.94972064137029
4370,12.138889,1.5988925240278498,6.404075553450607,30.819333276652593,120.9366519157674
4371,12.141667,1.5925939027825464,6.393867183984893,30.83696653329362,120.92560915588872
4372,12.144444,1.5862974788330284,6.383661158597269,30.85459445394951,120.91456955938317
4373,12.147222,1.4398545648893784,6.027511539391641,30.882149331198136,120.9710835501006
4374,12.15,1.2937859225274266,5.670370153600233,30.91106005419416,121.0281688772351
4375,12.152778,1.1480920908791052,5.3122296817861585,30.9413380617963,121.08581929899451
4376,12.155556,1.1441638303161206,5.30820094093154,31.533377712651358,120.87679981213721
4377,12.158333,1.2719231172611316,5.626052469555175,31.34665749942934,120.86662084907137
4378,12.161111,1.39984081734225,5.94356537467198,31.16043592321011,120.85643754209327
4379,12.163889,1.7796537441584803,6.675162093639717,30.81282242161017,120.85331084179195
4380,12.166667,1.470297964355126,5.987182733117301,31.191092819183474,120.84958681062908
4381,12.169444,1.1645540774995577,5.294571530760358,31.57760704457327,120.84586407470836
4382,12.172222,1.164143382081134,5.286490865280969,31.597529394290852,120.8401009680921
4383,12.175,1.4832873303502883,5.986622140643814,31.222284489426485,120.82464678100901
4384,12.177778,1.8059636175563405,6.682162990707189,30.85516440423533,120.80918605824844
4385,12.180556,1.8329478070531202,6.689135788062561,30.866124492302077,120.79728642431964
4386,12.183333,1.845557686117706,6.700148737560747,30.865360688526245,120.79633135661736
4387,12.186111,1.858169431389891,6.711162636615624,30.864596100387914,120.79537595697646
4388,12.188889,1.8817115368699824,6.713230525328088,30.88583670014831,120.7858023477928
4389,12.191667,1.8907950267100624,6.735134525320873,30.88097179914972,120.77924545425434
4390,12.194444,1.8998692145624183,6.757030568688915,30.876101899349898,120.77269182317237
4391,12.197222,1.9192890684480908,6.767377140675295,30.8837800765697,120.75931085007493
4392,12.2,1.9138343898315444,6.75641116926716,30.900399228965057,120.75545152127474
4393,12.202778,1.9083801594818848,6.745443552301499,30.91701923176278,120.75159276230114
4394,12.205556,1.9191040997850841,6.73846859828771,30.328075621286118,120.9582244019616
4395,12.208333,1.9180233633406143,6.727416758971014,31.064805157298608,121.18368525220042
4396,12.211111,1.9197285257783943,6.725795851713945,31.07051936599781,121.16886837899186
4397,12.213889,1.9214341457155601,6.724175420630081,31.076235080554397,121.1540468307666
4398,12.216667,1.9231402232974055,6.722555465896825,31.08195230250614,121.13922060599059
4399,12.219444,1.2452559276236599,5.232025749766084,31.91582507825442,121.18077815435957
4400,12.222222,1.2517597450048825,5.204270867929781,31.94732482148941,121.15574127436942
4401,12.225,1.2582637108707075,5.176499825188513,31.97884170453665,121.13064807040253
4402,12.227778,1.2560907437132052,5.164174771665987,32.000800838132115,121.12909298256211
4403,12.230556,1.253918453977409,5.151852210440424,32.022757042331854,121.12754209059715
4404,12.233333,1.2517476232576055,5.1395365772102295,32.04470241368308,121.12599595366162
4405,12.236111,1.2564993980041788,5.098081141775539,32.13032970286816,121.07932210121375
4406,12.238889,1.250901867914024,5.096783505264373,32.08632804886662,120.86578478844267
4407,12.241667,1.2453033269491698,5.095483380763165,32.0417849365749,120.65112287810153
4408,12.244444,1.2406049273351112,5.086550461415362,32.05412922645359,120.64933131884247
4409,12.247222,1.2359044726962427,5.077612342476154,32.06647943579437,120.64753900847218
4410,12.25,1.2312036552611385,5.068672241244084,32.078831118885866,120.645746592106
4411,12.252778,1.2256510717801117,5.044975451596176,32.103632176511866,120.63814248017401
4412,12.255556,1.8713285017107903,5.802191980189168,31.68406443873856,120.64157180605535
4413,12.258333,2.5205822168048453,6.553921167784765,31.273415090374357,120.64499987155058
4414,12.261111,1.9128616079066987,6.558898519127315,31.278379922307494,120.64490982108002
4415,12.263889,2.225052607547097,6.550300146720831,31.28915746230176,120.64420469018727
4416,12.266667,2.5374915104559914,6.541697868695264,31.299938657057346,120.6434995455309
4417,12.269444,2.532831479374103,6.6195232148548,31.29878774801565,120.64431637770188
4418,12.272222,2.527021691631308,6.696774879220364,31.29763643044648,120.64513344950659
4419,12.275,2.520065114218628,6.773431017196096,31.29648511884038,120.64595046675232
4420,12.277778,2.5273574652033624,6.7494739254089495,31.319055097422748,120.6457094841905
4421,12.280556,2.5369788012510917,6.754369224985091,31.313636037290983,120.66836306646776
4422,12.283333,2.5465971320948597,6.759263017107314,31.30822771083956,120.69098918770807
4423,12.286111,1.878780584297317,4.325358647609523,34.05407403963942,119.70301748934766
4424,12.288889,1.5660940406400972,4.200656281733739,34.05899216060131,119.69678790533287
4425,12.291667,1.2541361611359019,4.074578782534557,34.063910410637355,119.69055679568565
4426,12.294444,1.2407209983392633,4.062632148909584,34.07117416771441,119.68972045431782
4427,12.297222,1.6005514882037666,4.860489235967268,33.62387470535641,119.68972615103503
4428,12.3,1.964404863181711,5.653020507068659,33.18592400244633,119.68973231414235
4429,12.302778,1.9768208956222644,5.638853504164436,33.21074221908988,119.67003627803881
4430,12.305556,1.9879962304396397,5.6306857719757275,33.18546383129227,119.67154483484084
4431,12.308333,1.9991671463640888,5.622522465951217,33.1601749644726,119.6730953340711
4432,12.311111,1.9936893974552543,5.60028477523783,33.184809067918245,119.66469876868977
4433,12.313889,2.000863556509767,5.5696751701386,33.21183926614024,119.65296828240467
4434,12.316667,2.00803758261892,5.539069942560946,33.238865745765395,119.64123914030527
4435,12.319444,2.0261047270556425,5.540075831364716,33.25685515797437,119.62988176358836
4436,12.322222,1.829615646972993,5.597029266457604,32.462258962717385,120.14507319446192
4437,12.325,1.6351783110855234,5.667859667743439,31.65692789911047,120.6591742944391
4438,12.327778,1.5380659393432907,4.547779262751179,32.5394269535527,120.7828671663846
4439,12.330556,1.4409923466598844,3.3893544535585782,33.46370092821834,120.9031695908425
4440,12.333333,1.3439930561784834,2.191577597720478,34.43071734897079,121.0201632464639
4441,12.336111,1.3435080145561304,2.151257686151105,34.46212791782301,121.0190809051223
4442,12.338889,1.721027993691962,3.0320107004066728,33.9406177072796,121.00928609496994
4443,12.341667,2.1027290423481215,3.905438015053715,33.430607459949485,120.99949168134158
4444,12.344444,1.8632032829038678,3.3063867834877065,33.77569263149893,121.0015587966487
4445,12.347222,1.6253163143725047,2.7032697300741937,34.12647714304321,121.0036154781542
4446,12.35,1.389144678371677,2.096190037776143,34.48293955411977,121.00566095851325
4447,12.352778,1.382526588483783,2.0682935371237345,34.496198475340265,121.03972620487362
4448,12.355556,1.7578415862854122,2.938687428471992,33.98948784453776,121.0360638426833
4449,12.358333,2.1370332884184897,3.8013600076710237,33.49437706654105,121.03240188218338
4450,12.361111,2.1393540311944736,3.7924931140780345,33.5019235571513,121.02834019115481
4451,12.363889,2.1378469044746016,5.016429156443516,32.46071665875255,120.82620330369905
4452,12.366667,2.136339526663276,6.179226885125269,31.487520429543295,120.6172476363039
4453,12.369444,2.141396607272533,6.165650840877582,31.50306080740753,120.6256927159494
4454,12.372222,2.146456156523831,6.152070435668124,31.518606670344376,120.6341585146712
4455,12.375,2.137322489029817,6.128283278440534,31.536741174522,120.62206807419496
4456,12.377778,2.137083629789858,6.111956163173163,31.552340468801304,120.62142412975199
4457,12.380556,2.136844397927101,6.095622249003281,31.56794620185491,120.62077983912452
4458,12.383333,1.8841234206294377,5.531166915002338,31.886410608862754,120.62194554884998
4459,12.386111,1.6330837496334052,4.963263206370394,32.21000379638242,120.62311179039862
4460,12.388889,1.3838059574733546,4.3920064479397585,32.53870858904557,120.6242781440191
4461,12.391667,1.6921306635670454,5.213599833825375,32.025770615842795,120.61117406657287
4462,12.394444,1.8928621290107106,5.612915964618338,31.83044919165983,120.60449042998995
4463,12.397222,2.0959633145832903,6.010908784560394,31.638820373425993,120.5978067650094
4464,12.4,1.684965026548893,5.164530845312065,32.077425972428436,120.60213132163965
4465,12.402778,1.5267307875791118,4.744493030964609,32.33794968603593,120.6104535957348
4466,12.405556,1.3685619503119923,4.323628589243178,32.59936427331562,120.61877612851184
4467,12.408333,1.6916737568576128,5.136494908954857,32.10650547346427,120.61811088425218
4468,12.411111,1.5482864598884625,4.76161680697461,32.33645628495472,120.6417985707855
4469,12.413889,1.4049701627137026,4.3860822494073854,32.567137435095354,120.66547180756324
4470,12.416667,1.4336640946914212,4.389747991360316,32.56745511523793,120.65768697565444
4471,12.419444,1.4340446240421851,4.382704567375903,32.56991130548812,120.65643207030855
4472,12.422222,1.4344271417950463,4.375656980394693,32.5723684902886,120.65517879511164
4473,12.425,1.863240458403542,4.958237937624247,32.292395109638065,120.65662913497728
4474,12.427778,2.293006421594324,5.536925408640736,32.01647860428076,120.65807994036955
4475,12.430556,2.723713800796329,6.1117796993148605,31.74454062788176,120.65953121128395
4476,12.433333,2.723892641942678,6.007336543925179,31.88410530880268,120.61440189675982
4477,12.436111,2.5120017157581565,5.555761732113343,32.125683748163176,120.58913451046546
4478,12.438889,2.3023732148980987,5.101421697995972,32.372289451677375,120.56384882187974
4479,12.441667,2.7280634884226167,5.953236074681412,31.934958272822634,120.53668966676078
4480,12.444444,2.536180018463085,5.510081982606769,32.162942302023694,120.53767703666237
4481,12.447222,2.346425548205403,5.063951539385666,32.396021965300086,120.53866453071551
4482,12.45,2.3436122607808993,5.042110090939273,32.407472495778705,120.54269778412193
4483,12.452778,2.343396776287422,5.021356387455329,32.4257912711506,120.49019351243145
4484,12.455556,2.3431815427303118,5.0005931019874765,32.444120194468155,120.43777293535943
4485,12.458333,2.1514311336578107,4.910881326844541,32.460076762029196,120.43308432221399
4486,12.461111,1.9600236017171415,4.820597123079795,32.476046946584674,120.42839348522203
4487,12.463889,1.7690123478248037,4.729766482729797,32.49202499999235,120.42370211345862
4488,12.466667,1.783632453549794,4.719681989199371,32.50173947903578,120.42359143158497
4489,12.469444,1.7729123925638888,4.672584873832882,32.22126995859031,120.6011005433068
4490,12.472222,1.7621917471485045,4.625441699777372,31.940878466377136,120.779071003558
4491,12.475,1.5166883217066847,3.970081713438084,32.34688845037171,120.77316251213448
4492,12.477778,1.51447700147272,3.978786446679168,32.33504582985118,120.76705140972406
4493,12.480556,1.5122703072294996,3.987493693770425,32.323201978964825,120.76093946161679
4494,12.483333,1.5246163536262127,4.008708060348784,32.29784989859693,120.75646521039157
4495,12.486111,1.5297266338534765,4.0096826524797375,32.57273528680595,120.65419318563913
4496,12.488889,1.534835918171817,4.010655214365759,32.847654891045764,120.5530315183186
4497,12.491667,1.6034903410217076,4.180569135095757,32.731723564948325,120.55187681731378
4498,12.494444,1.6721594690359556,4.3502951054941175,32.61599995922597,120.55072638013586
4499,12.497222,1.740892546230274,4.519955045045183,32.50040083998406,120.54957937842376
4500,12.5,1.7393095233937608,4.512775934219016,32.49997299895617,120.54512056108005
4501,12.502778,1.7377249271556554,4.505591221004131,32.49954844100602,120.54066424066487
4502,12.505556,1.736138758027451,4.498400904327681,32.49912716856422,120.5362104188796
4503,12.508333,1.7706589088007583,4.526700309196414,32.483157165413175,120.53026775750287
4504,12.511111,1.7814401656937182,4.52497554380793,32.47502507033677,120.5233778182337
4505,12.513889,1.792219819432134,4.5232440300178,32.46689261659159,120.51649089008926
4506,12.516667,1.7865521384632697,4.529925710313256,32.462368163255896,120.51583085760579
4507,12.519444,1.8021659356145125,4.517739217284694,32.4683771421443,120.51206840234816
4508,12.522222,1.8177863091026811,4.505541771545337,32.47439170279744,120.50830682063373
4509,12.525,1.8157344928321155,4.49378361177461,32.47937788461454,120.50254998033377
4510,12.527778,1.8136847954353126,4.48202374564641,32.48436505355179,120.49679463826247
4511,12.530556,1.8116372166249146,4.470262175265608,32.48935320817467,120.49104079673758
4512,12.533333,1.811926255313118,4.439336321127403,32.54165659722727,120.53609507907784
4513,12.536111,2.04266659481687,4.513227949100045,32.56745851241465,120.4588691475616
4514,12.538889,2.3632372275004716,5.220574487523015,32.18025790087244,120.4430950706644
4515,12.541667,2.3550501504828993,5.203338535444416,32.18556050098879,120.42441339025866
4516,12.544444,2.3468682084347137,5.186106389256375,32.19086283624835,120.40579561110458
4517,12.547222,2.047228277656064,4.438154668114295,32.629241252346546,120.37577473148376
4518,12.55,2.045807988367949,4.42617209396081,32.624779045405795,120.41729443720082
4519,12.552778,2.0443896863325826,4.414189333735335,32.62034731001417,120.45875832066518
4520,12.555556,2.0351821598186106,1.7727283272480907,34.986835024458074,120.71500657907619
4521,12.558333,2.053420188694121,1.7579957435930087,34.99640526890375,120.71770094761062
4522,12.561111,2.0716666764009464,1.7432602760744498,35.005976017413445,120.72039779133839
4523,12.563889,2.096813128082493,1.7466379688986642,35.001721508288156,120.72293567472043
4524,12.566667,2.1054979326618692,1.739009627627091,35.00477690886627,120.72945522507156
4525,12.569444,2.114179384754488,1.7313844094048996,35.00782941046285,120.73597360753648
4526,12.572222,2.1261562982797138,4.343710863899279,32.62648879144945,120.49981119096954
4527,12.575,2.1187655791389552,4.336456999063618,32.63057106692001,120.50402112554066
4528,12.577778,2.1113728156129046,4.329201868987003,32.63465465781,120.50823052140636
4529,12.580556,2.1261836190541032,4.310785051552745,32.645679630962405,120.50128607944494
4530,12.583333,2.140989218440076,4.292365268720401,32.65670363002715,120.494342646536
4531,12.586111,2.155800277473558,4.2739292598114,32.66773458842614,120.48739522525166
4532,12.588889,2.166039481867452,4.250994602012607,32.67747146246259,120.49233512395556
4533,12.591667,2.173283116023132,4.250616702501457,32.65100526972032,120.50593369731418
4534,12.594444,2.1805206815910356,4.250236031785564,32.6245522700214,120.51953846134533
4535,12.597222,2.1741904347813445,4.221548786507427,32.63706273347927,120.51847268125336
4536,12.6,2.3263161694092176,4.543103793033003,32.44022211702182,120.51273052438783
4537,12.602778,2.4789369494305564,4.863877535919983,32.2446547812292,120.50698778882254
4538,12.605556,2.4808794209908562,4.866641987199706,32.226920158128564,120.530383787426
4539,12.608333,2.4828212105101244,4.869405739322982,32.20919194320491,120.55377408052554
4540,12.611111,2.484763716503453,4.872170782793111,32.191457371011005,120.5771755128497
4541,12.613889,2.488395298118485,4.872115046203984,32.17637712187435,120.580412626779
4542,12.616667,2.492026676312088,4.872059293312942,32.16129596392512,120.58365032855993
4543,12.619444,2.495656543982461,4.872003544197705,32.146219328395475,120.58688745140621
4544,12.622222,2.503153918208712,4.8645820302758285,32.15720011320194,120.62167069929974
4545,12.625,2.501756779615361,4.856077344950581,32.14637789096324,120.62223336529924
4546,12.627778,2.5003592922222424,4.847572398666866,32.13555324137859,120.62279804783314
4547,12.630556,2.5144769352795215,4.844535635522124,32.116936073696834,120.63415804090967
4548,12.633333,2.357646892279771,4.467810158114645,32.32483173360042,120.6368728786711
4549,12.636111,2.2012639634082376,4.089855533655562,32.534399833858345,120.63958843539477
4550,12.638889,2.500323476121231,4.790510669936699,32.10059291055489,120.60348543609139
4551,12.641667,2.23098934028482,4.3772749819878864,32.014551785485814,120.70307786916472
4552,12.644444,1.9621511122025428,3.9630317800134787,31.930025160217816,120.8039853167402
4553,12.647222,1.9720990043247681,3.9555660650981626,31.916769247803437,120.80594282927633
4554,12.65,1.9820473365258415,3.9481012257321364,31.903511999844554,120.80790726071062
4555,12.652778,1.9919961084837272,3.940637262167387,31.890253422584934,120.80987860621055
4556,12.655556,2.010726330136709,3.9390693380253907,31.892915117749226,120.80988697354213
4557,12.658333,2.0098821174873116,3.9364535935372498,31.886518452571487,120.83424277990046
4558,12.661111,2.0090365817755966,3.9338359849092033,31.88011982016281,120.85861650991161
4559,12.663889,2.0235061852680136,3.9350438735415416,31.875841440765377,120.85611267994979
4560,12.666667,2.146326160463115,4.207115702785023,31.7137338250838,120.83897541184716
4561,12.669444,2.2694578721327687,4.47838858417504,31.552740240869632,120.82184311176412
4562,12.672222,2.257098228517888,4.476988219641031,31.54367103369534,120.82644074698156
4563,12.675,2.2707546690280545,4.50373612095051,31.519061153541067,120.8277403905431
4564,12.677778,2.2844098425991337,4.530479110783652,31.494453088134065,120.82903999434227
4565,12.680556,2.26734051796738,4.520013876729882,31.48321875724318,120.87284920473421
4566,12.683333,2.2708417678489337,4.542355115724002,31.47293752772162,120.86170584826043
4567,12.686111,2.27434362211706,4.564701581702723,31.462649809105372,120.85056444773868
4568,12.688889,2.2703781145571913,4.58232969172666,31.43541891744841,120.89359298281595
4569,12.691667,2.266496354597523,4.579203830225763,31.43210514522447,120.89440206953027
4570,12.694444,2.27449488985582,4.612582406366732,31.411456196482035,120.8955048411597
4571,12.697222,2.2669014803860197,4.618041589193361,31.742069869052244,121.02642439783138
4572,12.7,2.2593080865629958,4.623500505906879,32.068634813414064,121.16151843336515
4573,12.702778,2.220105050593057,4.602191541389173,32.01668146014879,120.69498198937625
4574,12.705556,2.2089510783965753,4.585755186424102,32.054544964573104,120.93061581960696
4575,12.708333,2.197801730959709,4.569326357289398,32.09203964022431,121.16464811762937
4576,12.711111,2.2741818573965116,4.592319659989553,32.03224156423231,120.70658705980595
4577,12.713889,2.249427678840533,4.555857514145185,32.08319914566659,120.94927478789604
4578,12.716667,2.224670612279823,4.519393593833803,32.13377580732425,121.19028631185672
4579,12.719444,2.2089295732669196,4.4784032596919445,32.05106650025134,120.70263233972902
4580,12.722222,2.1895748404530444,4.457656499522681,32.06425024638413,120.70498519998087
4581,12.725,2.1702184545780003,4.436907277780167,32.07743441057318,120.70733814669573
4582,12.727778,2.1365073344217045,4.382907707569576,31.518877690286182,120.91943737772753
4583,12.730556,2.1377227839596493,4.362577897355493,31.5363357868964,120.92320687505561
4584,12.733333,2.1389408445533338,4.342255680311865,31.553788741293552,120.92697402772696
4585,12.736111,2.1466065058873305,4.357076485213254,31.540877579904723,120.9356037672003
4586,12.738889,2.1607333132975004,4.357000047062689,31.545272410595707,120.93617320330249
4587,12.741667,2.1748666809891315,4.356924038626866,31.549666836466905,120.93674261208143
4588,12.744444,1.7420086335384575,3.3212599437403227,32.168712637656185,120.93311656380193
4589,12.747222,1.9640185134118742,3.8496751667732045,31.856486529154495,120.93356539139042
4590,12.75,2.1867848684708466,4.376082695265124,31.54702147472161,120.93401457072723
4591,12.752778,2.133316828294104,4.256115272670128,31.618479149694316,120.9333770081442
4592,12.755556,2.0799654252492665,4.135982119514592,31.690219109092382,120.9327397638768
4593,12.758333,2.026749508839778,4.015724669052625,31.76221698433804,120.9321030671827
4594,12.761111,2.0950948285608924,4.177844025026319,31.672243121953947,120.92961817778998
4595,12.763889,2.1635823635448883,4.339718048950219,31.582657538993445,120.9271325991859
4596,12.766667,2.2322123780378647,4.501348864181432,31.493458376451876,120.92464633125856
4597,12.769444,2.0444675984581,3.9872591075982875,31.807700796766255,120.90963705014302
4598,12.772222,2.0568275763203836,3.990929216593546,31.810784305990843,120.90651337966462
4599,12.775,2.0691891314120205,3.994599148523543,31.813868226560892,120.90338916758863
4600,12.777778,2.0791821207528027,4.006434214177773,31.808144903823866,120.89854308682057
4601,12.780556,2.06581272814989,3.9852752402297877,31.821586475791854,120.89385176903879
4602,12.783333,2.0524471440447645,3.9641192548517186,31.835027447753937,120.88916188671679
4603,12.786111,1.9681440563708108,3.726811454877682,31.983189768253652,120.8847464284032
4604,12.788889,1.883882850839571,3.48927815184741,32.13161883062071,120.88033069605181
4605,12.791667,1.7996640021660415,3.2515208932823363,32.280313562402725,120.87591468970125
4606,12.794444,1.795269607512834,3.236935034254362,32.29160516203295,120.86926874017767
4607,12.797222,1.8294843440126556,3.2440369030564984,32.28965991789447,120.8691038835007
4608,12.8,1.8637149644056272,3.251138971076422,32.28771394299615,120.86893892003987
4609,12.802778,1.8091673028456157,3.2355967418459386,32.29495001030212,120.86189995902801
4610,12.805556,1.8299308519855693,3.247312902395201,32.28640960762435,120.86255031287236
4611,12.808333,1.850697168150532,3.2590243832606856,32.27787127011715,120.86320032527975
4612,12.811111,1.8356948889161284,3.2457139765725422,32.287470526075694,120.85440302476734
4613,12.813889,1.8343336233863852,3.2417853122241347,32.28929231766264,120.85372315318033
4614,12.816667,1.8329741073648318,3.2378578521368944,32.29111421855034,120.85304328662703
4615,12.819444,5.358069722115298,4.828629839703286,32.29107878189041,120.85106444001745
4616,12.822222,5.523347309820055,5.296246669174712,32.00121272234886,120.84994987067712
4617,12.825,5.689173271554283,5.76211528135655,31.713645412345144,120.84883485789042
4618,12.827778,5.255857355841764,4.764125883140876,32.292938651218705,120.81752452321273
4619,12.830556,5.450113876594608,4.779022873268136,33.02719692265342,120.25985932386017
4620,12.833333,5.644902819355394,4.801007410285642,33.756310820317296,119.70079542321186
4621,12.836111,5.6735459512625255,4.816185203319094,33.752946181081974,119.69740824448137
4622,12.838889,5.640782947226789,5.282807325166631,32.717966329233036,120.2491798383597
4623,12.841667,5.608019548092161,5.763614450247735,31.67045688275811,120.79929786022821
4624,12.844444,5.5951317930418245,5.735081362081539,31.67917937906546,120.80580976606471
4625,12.847222,5.6261319129718625,5.754795760570801,31.670722405918724,120.81117500457687
4626,12.85,5.607519726909425,5.733068190322841,31.67541001626096,120.81175487024593
4627,12.852778,5.58890788342052,5.711339940709255,31.680098691071336,120.81233488608122
4628,12.855556,5.570296385942479,5.6896110147344885,31.684788430806456,120.81291505208564
4629,12.858333,5.598444777577422,5.701064565865032,31.67352734103269,120.82522804507873
4630,12.861111,5.632512557164354,5.706115102887294,31.66817983468161,120.83442661790174
4631,12.863889,5.666585263787086,5.711165850616666,31.662832043622615,120.84362566478215
4632,12.866667,5.636643422145442,5.67685474742817,32.3730545507813,121.13672688638415
4633,12.869444,5.665147580570171,5.690656343773989,32.307806274865065,120.90067825376043
4634,12.872222,5.693665436062085,5.704462485011254,32.24180970728016,120.66241489189541
4635,12.875,5.664745933289257,5.666729219586916,32.3617525391814,121.16792365442693
4636,12.877778,5.6818449858460305,5.6791091226117985,32.299555422460855,120.9202318860708
4637,12.880556,5.698946346774363,5.6914873181029115,32.236672448013586,120.67097509577123
4638,12.883333,5.705106757403643,5.705010307070989,32.32944254517033,121.17355722414463
4639,12.886111,5.691775110966978,5.700469942968866,32.273732201266334,120.92515574725512
4640,12.888889,5.678442951875104,5.695929756594804,32.217302978541326,120.6752510141314
4641,12.891667,5.66308723571362,5.6813351897739235,32.02580374772355,120.74265312928217
4642,12.894444,5.647737368881042,5.66674668849477,31.834403217565708,120.81062287444804
4643,12.897222,5.632382297619145,5.652153747351587,31.64296791679415,120.87920140242956
4644,12.9,5.657379750224619,5.670390802345604,31.64015614055659,120.87799064909076
4645,12.902778,5.663033333409549,5.662830308353708,31.641883841522883,120.87189056289704
4646,12.905556,5.6686855652950765,5.655269880522422,31.64361083824228,120.86579151194012
4647,12.908333,5.669699968184249,5.629042706623988,31.666543036645137,120.86360032087659
4648,12.911111,5.650378317688862,5.5995390064105734,31.67707681121172,120.86169678112377
4649,12.913889,5.631056167931622,5.570034319197541,31.687610824742045,120.85979345533825
4650,12.916667,5.639113772811408,5.556963582538982,31.70045991411702,120.85496666789773
4651,12.919444,5.364437638581782,4.788938834779447,32.50270119437981,120.74422853586053
4652,12.922222,5.087965472509342,4.022217569218109,33.30202967296486,120.63486651772469
4653,12.925,5.100336930788419,4.014777738821614,33.30311336848812,120.63162793811416
4654,12.927778,5.159281298625688,4.265428897236994,32.77794588012654,120.73465928909938
4655,12.930556,5.217762761569503,4.518600525762574,32.24988077950385,120.83966964366884
4656,12.933333,5.2194281657128165,4.512986797045331,32.24942818190169,120.84033189893758
4657,12.936111,5.254284059073971,4.5303055839298985,32.24819878965066,120.84527595671118
4658,12.938889,5.289137009395489,4.547628157538197,32.246969335673626,120.85022038521619
4659,12.941667,5.4313470840559575,4.868881042095122,32.30846346084724,120.94746800376656
4660,12.944444,5.573774739395782,5.189183134648239,32.36874022978695,121.04714598084432
4661,12.947222,5.7165223402109415,5.508769262113409,32.427858419138715,121.14927832297529
4662,12.95,5.667853805978471,5.486177834007767,32.38593363179853,120.98915577997685
4663,12.952778,5.6191782899935365,5.463580262080285,32.34371302199222,120.8285651507537
4664,12.955556,5.570495811594268,5.440976561910125,32.30119271429016,120.66751031372304
4665,12.958333,5.532279404311659,5.394598263811229,31.72492648998827,120.85511266851405
4666,12.961111,5.540330810105823,5.40170354819956,32.032123741481804,120.76106791792223
4667,12.963889,5.548383715387523,5.4088091044614774,32.33917478144678,120.66880164139697
4668,12.966667,5.567561118088655,5.42367454669877,32.3301981567363,120.6693076340026
4669,12.969444,5.563270908976051,5.430316912639132,32.32105745095601,120.67783246495374
4670,12.972222,5.558979849717305,5.436963136210862,32.31191283725696,120.6863602261857
4671,12.975,5.541825320305172,5.415426021991426,32.31481367159495,120.69308172044977
4672,12.977778,5.55139091227861,5.42826245246758,32.30470546690193,120.64589253011734
4673,12.980556,5.560955503346399,5.4410994582083365,32.29459684045898,120.59871611966257
4674,12.983333,5.415170294485149,5.070530782118009,32.49056492468029,120.61543604144087
4675,12.986111,5.269722128909814,4.698919144881234,32.6879019589174,120.63216420586791
4676,12.988889,5.124664243299884,4.32639333085144,32.8865427781207,120.64889458421358
4677,12.991667,5.113952778306512,4.321219006763542,32.890036254241345,120.65412570374868
4678,12.994444,5.112588184376099,4.337302149017075,32.87041171934899,120.70339271314766
4679,12.997222,5.111224646143551,4.353397795677271,32.85077446584724,120.75272794824606
4680,13.0,5.106613258110423,3.501695279717479,33.62435431126603,120.88584339866209
4681,13.002778,5.126764266308157,2.638863008913651,34.41692627623852,120.96730421867561
4682,13.005556,5.146914525676639,1.748444415719634,35.23895559123068,121.04689439119319
4683,13.008333,5.15587124239728,3.121084309535979,33.982641250209745,120.93142655373067
4684,13.011111,5.164832806513413,4.431599885159088,32.79276769184396,120.81164269161623
4685,13.013889,5.164696421564342,4.438452262402457,32.782074616854,120.81315517131928
4686,13.016667,5.164559918327393,4.445304836374996,32.771381325525695,120.81466771896338
4687,13.019444,5.164423346019754,4.45215513971673,32.76069166778301,120.81617979004368
4688,13.022222,5.163306693362932,4.44909440197522,32.75873436802451,120.81512130171792
4689,13.025,5.2015654938396985,4.467537416472826,32.76048777477881,120.80045200817294
4690,13.027778,5.239820061683675,4.485976664324744,32.7622411119035,120.78580836954042
4691,13.030556,5.131967986366904,4.440939803798891,32.7490668128791,120.78005968612301
4692,13.033333,5.20334257333945,4.468793466301763,32.76106243570011,120.77505969710127
4693,13.036111,5.274723562109184,4.496654175820256,32.77306109132348,120.77005880187441
4694,13.038889,5.312757873899685,4.508329697189247,32.77671944325911,120.76635224639348
4695,13.041667,5.350788592626369,4.520003457204599,32.78037795648434,120.76264562440765
4696,13.044444,5.388802017809191,4.53167125422693,32.78403531386484,120.75894027028836
4697,13.047222,5.468544263191411,4.603575119987644,32.80203986345034,120.7206690151405
4698,13.05,5.474017807112643,4.565906949369083,32.82898847577362,120.72148253540901
4699,13.052778,5.479490908768765,4.528230066343793,32.85594683536654,120.7222961366579
4700,13.055556,5.406630442265177,4.564051927707144,32.80096187021251,120.71756030637893
4701,13.058333,5.41494654779372,4.578409380555852,32.78432468953283,120.73507889392268
4702,13.061111,5.423264652271206,4.59277158302433,32.76768197356239,120.75263732820314
4703,13.063889,5.497444444625321,4.639078032263596,32.75238051025528,120.75425797908427
4704,13.066667,5.571609928997667,4.685397551645101,32.73707800593694,120.75587868493885
4705,13.069444,5.645734380607156,4.731713446335609,32.72177997148557,120.75749886233864
4706,13.072222,5.635051036350633,4.71847856121544,32.72349267209748,120.75766446059562
4707,13.075,5.611545603740627,4.714692371114134,32.71901934051415,120.75811236813409
4708,13.077778,5.588038812316807,4.710905410564811,32.71454614513394,120.758560867468
4709,13.080556,5.5928410703747655,4.7255801797051635,32.72904119460446,120.7957436497211
4710,13.083333,5.588277262367342,4.721875902491506,32.72719713681485,120.79345087722275
4711,13.086111,5.58371213778203,4.718170565481429,32.72535244174823,120.79115733884818
4712,13.088889,5.582994883374818,4.71814449248283,32.728137230795554,120.79461550965557
4713,13.091667,5.544838446520496,4.697901744348918,32.71271842026438,120.79177225371878
4714,13.094444,5.506694969576872,4.677662381597605,32.69729742024363,120.78894346239058
4715,13.097222,5.590053194950446,4.736312952253908,32.67753472089743,120.79293038547992
4716,13.1,5.6046133547777615,4.737254087403178,32.67991868631815,120.79705268888561
4717,13.102778,5.619173153441006,4.738196966759892,32.682302129013166,120.8011743282306
4718,13.105556,5.629647360888681,4.747010926717454,32.684447222655336,120.80445421561303
4719,13.108333,4.149133977157575,4.0478139639331765,32.69475258755769,120.81435737765356
4720,13.111111,2.6646044227938734,3.3407298750242322,32.70506198842077,120.82426462604293
4721,13.113889,2.663684347716023,3.3438434433444417,32.504806699221234,120.89622048255747
4722,13.116667,2.662764250184434,3.346957090402398,32.30458000581548,120.96873728034014
4723,13.119444,2.6618444614218912,3.3500696952692337,32.10445850237292,121.04178098862592
4724,13.122222,2.6582638223515307,3.359829211971414,32.09289476470721,121.0347249390933
4725,13.125,2.6612236005791825,3.3670674354797647,32.37480467824905,120.93672668941896
4726,13.127778,2.6641842076497344,3.3743077520726654,32.65681217016591,120.8400617390558
4727,13.130556,2.681924042612314,3.3956467171774474,32.63872941780709,120.84120472778174
4728,13.133333,2.6842961840699697,3.403147529937561,32.63399985598586,120.84541965929024
4729,13.136111,2.68666909250571,3.4106507936355577,32.629268866224976,120.84963643343697
4730,13.138889,2.721523348856211,3.415523619572461,32.63097498499673,120.85056564724785
4731,13.141667,2.7325798397043695,3.425211566026631,32.33245668252076,120.95841298293625
4732,13.144444,2.74363237547054,3.434896231348807,32.034109867701794,121.06748973111048
4733,13.147222,2.7583819123020437,3.432601715133991,32.626152954256675,120.8439253914412
4734,13.15,2.7573483266439993,3.433365576574065,32.617932727973596,120.83856867413586
4735,13.152778,2.7563146705875265,3.434129444183762,32.60970924734111,120.833212735928
4736,13.155556,2.777095719569852,3.4303997660046672,32.03655391302415,121.03957257680047
4737,13.158333,2.7691957530673204,3.4200126180555923,32.039809370527365,121.04296718858025
4738,13.161111,2.7612929847127354,3.409621142237505,32.0430662168411,121.0463632929898
4739,13.163889,2.7714528751342566,3.396286963895161,32.64613704714362,120.83488808085649
4740,13.166667,2.77409232949349,3.38521194209606,32.64987590116954,120.83726939044466
4741,13.169444,2.776730692219644,3.374139116854602,32.65361602030355,120.83964978200892
4742,13.172222,2.7423541307811306,3.349883837985672,32.066520709603495,121.04390346047704
4743,13.175,2.783908836480755,3.3536789743706503,32.08103251586449,121.04590499096675
4744,13.177778,2.714634856356753,3.331116937811103,32.07352989833157,121.04674494167578
4745,13.180556,2.7117643832782043,3.3282469937587216,32.066767578654414,121.04589979823153
4746,13.183333,2.7088948509117454,3.325377803390909,32.06000804893668,121.04505520467289
4747,13.186111,2.7243921714389305,3.3238472463976514,32.064483542843796,121.0463725383482
4748,13.188889,2.7426022468588673,3.330526694693525,32.052379590296866,121.05008356048425
4749,13.191667,2.760813966170568,3.3372069206743795,32.040274408387894,121.05379463126563
4750,13.194444,2.7706497641528482,3.3519983167127076,32.02810833056811,121.05408149355019
4751,13.197222,2.780207524661563,3.3498125713022446,32.31738437601171,120.9455827033593
4752,13.2,2.7897667526635725,3.3476265310783866,32.6067826757906,120.8382943458994
4753,13.202778,2.809595370414481,3.4045183804163752,32.57003209254704,120.83648440239368
4754,13.205556,2.8198728917875506,3.389603145977759,32.59466822504488,120.82700294684004
4755,13.208333,2.830146541638678,3.3746964988267028,32.6192913370732,120.81752556560981
4756,13.211111,2.837916189913516,3.3768400169385977,32.60809429111492,120.86302256430845
4757,13.213889,2.8401567293020538,3.3786560207886236,32.60370831744726,120.86337727509782
4758,13.216667,2.8423972885009903,3.3804721555500876,32.59932203527509,120.86373219858645
4759,13.219444,2.8729497469591365,3.374926664843711,32.600954886271104,120.86397713058055
4760,13.222222,2.865533766048415,3.3673194942182665,32.60189224872903,120.85936561236927
4761,13.225,2.858118492173279,3.3597111503779242,32.60282927287138,120.85475428892529
4762,13.227778,5.57786772727669,4.570530697637853,32.658364820319484,120.84360902648915
4763,13.230556,5.602070808161722,4.573535233622163,32.659545516369725,120.84731379831318
4764,13.233333,5.6262625924839025,4.576536419162942,32.660726926128845,120.85101747102048
4765,13.236111,5.6251116400211085,4.56564525113469,32.66860141486036,120.85418950150076
4766,13.238889,5.669568153768195,4.571617094307143,32.662511192830685,120.85623506950468
4767,13.241667,5.71401889913696,4.5775879234580135,32.656419105633894,120.85828496269274
4768,13.244444,5.709612825393448,4.574042795722757,32.64575433997134,120.84613738994996
4769,13.247222,5.705205065219056,4.570496329792219,32.63507549524019,120.83398438331314
4770,13.25,5.700797205251957,4.566949802286832,32.62438639581273,120.82183032984177
4771,13.252778,5.750414008070507,4.591061629598833,32.61992252924724,120.83112154998518
4772,13.255556,5.750887838059288,4.583129544941487,32.6265158346261,120.85122632026635
4773,13.258333,5.751360985083339,4.57519987072193,32.63310594346096,120.87131811311049
4774,13.261111,5.753268402523849,4.569092019002964,32.63288312642001,120.87719615184842
4775,13.263889,5.759177426948623,4.576225121561356,32.62534352946778,120.8849012869954
4776,13.266667,5.765086248616937,4.583358888778884,32.61780299254788,120.89260719170308
4777,13.269444,5.748074916074806,4.578123625552527,32.613141755258404,120.89816873668933
4778,13.272222,5.731056169338334,4.572886158023788,32.608478370839556,120.90373290745997
4779,13.275,5.714036134585459,4.5676483715904705,32.60381451761441,120.9092977015206
4780,13.277778,5.667427439146284,3.5643601724055554,34.68104410729116,119.81561405911556
4781,13.280556,5.591173010877682,3.5236495856799674,34.70048858883578,119.83389169858852
4782,13.283333,5.514941113044033,3.482945246932582,34.71991644780482,119.85216822388325
4783,13.286111,5.5159892226910525,3.481549892313973,34.732416813587484,119.83971575340273
4784,13.288889,5.517037155784999,3.480152023728426,34.74492300901596,119.82725527545115
4785,13.291667,5.518084912309739,3.4787516402623613,34.757435038288925,119.81478678259408
4786,13.294444,5.505534354880458,3.4734890941140737,34.770109863525626,119.8041835767341
4787,13.297222,5.674492089092325,3.91873275658123,34.5031390292379,119.8063019246873
4788,13.3,5.844042560415355,4.3626234010280065,34.2381132560608,119.80842040532069
4789,13.302778,5.881914748253067,4.3936750732691205,34.028638171478825,119.86601508274445
4790,13.305556,5.919780977377167,4.424721336895798,33.8191669051183,119.92442537371134
4791,13.308333,5.95762760539345,4.4557510044662205,33.60978035171895,119.98361968305242
4792,13.311111,5.964881616029865,4.800882307783521,32.90790418947752,120.34927316834826
4793,13.313889,5.972135733636625,5.152539057271413,32.20024580465482,120.71418392299894
4794,13.316667,5.979389957497753,5.510889138685755,31.486664980643113,121.07832427714992
4795,13.319444,5.461097621860485,3.9673374002950546,32.512205611883104,121.07822051261464
4796,13.322222,5.459480898777963,3.9468313930256134,31.92474191612188,121.30144177916505
4797,13.325,5.45786452452991,3.9263226326378007,31.337926816062904,121.52987122733784
4798,13.327778,5.558507499882097,4.519926509970638,32.67180922701379,120.86328682138456
4799,13.330556,6.017851232824691,5.652444684423662,31.995246957911,120.8617457629009
4800,13.333333,6.056978766943265,5.694935292586797,31.992016769402923,120.86338903373807
4801,13.336111,6.0961135452487785,5.737435238550416,31.98877740485532,120.86503521834429
4802,13.338889,6.135241465238277,5.779929208421075,31.98553003014875,120.86668372199527
4803,13.341667,6.122065054229154,5.8168332932193625,31.976804028545345,120.86251718415151
4804,13.344444,6.104168462488783,4.520482285909457,33.168958242363104,120.9649949435305
4805,13.347222,6.086260939278219,3.1605324089323847,34.428479238279834,121.06370506411169
4806,13.35,6.082670283881585,3.176918235481514,34.432058041221545,121.05852481023005
4807,13.352778,6.0790765194274154,3.1933046931918483,34.43563473389609,121.0533451728741
4808,13.355556,6.075479646909763,3.2096917825909355,34.43920931483695,121.04816615261142
4809,13.358333,6.0716056302974994,3.805914573953924,34.30169818849645,120.60182449281568
4810,13.361111,6.067729655706884,4.37294731158619,34.20530094717306,120.14356301948997
4811,13.363889,6.063853119125751,4.9126318059793785,34.14841961621764,119.67313344171389
4812,13.366667,6.061790020113818,4.917827977402359,34.15176592984997,119.66009820493748
4813,13.369444,6.0597279373767385,4.923021553099193,34.155111976905076,119.64706575427378
4814,13.372222,6.057665386090182,4.928216272979547,34.15846016767298,119.63402670435254
4815,13.375,6.056446283794777,4.953046370298296,34.17752450635333,119.62313264238215
4816,13.377778,6.0552237099766355,4.977875494530181,34.19659305339746,119.6122410172939
4817,13.380556,6.053997665137686,5.0027036436903565,34.215665794024915,119.60135184453311
4818,13.383333,6.072023569595011,5.023443530892635,34.21123059794631,119.61233509807975
4819,13.386111,6.085308428321005,5.558174015348701,33.19972392697427,120.12919364071983
4820,13.388889,6.098586104867717,6.1071904175380105,32.17523909921896,120.6447454107987
4821,13.391667,6.09060076941657,6.165827109666113,32.143572859759814,120.64743878349633
4822,13.394444,6.082611816759066,6.224441207696374,32.11191601598774,120.65012876181301
4823,13.397222,6.074613501602997,6.283074883850482,32.08024580741546,120.65281728308425
4824,13.4,6.054137159248276,3.7965289398594315,34.3537148548199,120.88732090607881
4825,13.402778,6.052045897014757,3.8460431975835494,34.331136702951476,120.8861678840071
4826,13.405556,6.0499449278729,3.895567822696016,34.3085418714736,120.88501671683751
4827,13.408333,6.085466217224026,6.513676492829461,31.977624672522282,120.63812943464818
4828,13.411111,6.115872673355023,6.571154910067699,31.96138343233592,120.63250300952764
4829,13.413889,6.146271032867693,6.628626426225063,31.945140502431727,120.62687664699679
4830,13.416667,6.132853587017207,6.655336920205068,31.98744162255516,120.78517366008937
4831,13.419444,6.119436749035023,6.682038370544163,32.02918593889195,120.94293524109447
4832,13.422222,6.106010860733372,6.708750003407516,32.0704104992659,121.10026878954984
4833,13.425,6.005951636542385,6.502837316749723,32.158362082674884,120.93444982609113
4834,13.427778,5.906048944046276,6.29650539866771,32.2465874983811,120.76800782284651
4835,13.430556,5.806302670730728,6.08975112891952,32.33508564846045,120.60094537778137
4836,13.433333,5.812306175807304,6.112402844524153,32.338508034135444,120.59504864158835
4837,13.436111,5.825890384547703,6.132453543171289,32.34730079907857,120.58919254364132
4838,13.438889,5.839472623924598,6.152503236541133,32.35609245732741,120.58333750897152
4839,13.441667,6.193636234264391,6.903846600539966,31.97981168272868,120.57984700593364
4840,13.444444,6.17535495676624,6.898807059921442,31.988844411696014,120.57349549802585
4841,13.447222,6.157061445364889,6.893766718406315,31.997880014799584,120.56714267542908
4842,13.45,6.16305548201573,6.912459930785147,32.00267891398342,120.56141615270467
4843,13.452778,6.169050062733531,6.931155306830847,32.00747471370607,120.55569116991354
4844,13.455556,6.17504518649306,6.9498528465126235,32.01226741210543,120.54996772794452
4845,13.458333,6.162969978464837,6.949338977847907,32.017315538145844,120.55038246368734
4846,13.461111,6.163152773506885,6.956473512908959,32.01679053595561,120.5468137741495
4847,13.463889,6.1633345132985635,6.963608575959302,32.01626489807998,120.54324520930417
4848,13.466667,6.164057430219209,6.973901317617024,32.01231297441195,120.54018788001638
4849,13.469444,6.161839947620681,6.9735146850274425,32.01427687654972,120.53044069825599
4850,13.472222,6.159620375641714,6.9731269308344945,32.016242217202816,120.52068918570119
4851,13.475,6.15489199570232,6.959208601686825,32.029837745646496,120.5150895907722
4852,13.477778,6.150162432209573,6.9452841696188745,32.04343944336131,120.50949042075855
4853,13.480556,6.1454316849531825,6.931353632977519,32.05704731198802,120.50389167581092
4854,13.483333,6.151003182174833,6.93222797393528,32.042765444232096,120.48894215351855
4855,13.486111,6.156577068013505,6.933102739349621,32.028464116550815,120.47400154423595
4856,13.488889,6.151777869007267,6.929066135114638,32.02909925088744,120.46501382322562
4857,13.491667,6.1045224869555295,6.9025630986517506,31.751466078970438,120.57371658639816
4858,13.494444,6.057288419829394,6.87605104103997,31.47413633082271,120.68349971901573
4859,13.497222,6.0758140791238695,6.878796738045326,31.678618174181807,120.60635847580615
4860,13.5,6.094338365946982,6.88153798170962,31.883156705165412,120.52978918205828
4861,13.502778,6.112861280513046,6.884274771864053,32.08774727179392,120.45380033350092
4862,13.505556,6.103089528813182,6.8722158166605265,32.08752816802408,120.45872663709945
4863,13.508333,6.0822496330777,6.865069069332241,32.083404139052384,120.4619828198124
4864,13.511111,6.061401473963741,6.857918272311046,32.07927912465472,120.4652399793823
4865,13.513889,6.057263007662369,6.844308517562208,31.446846847332424,120.69381772658538
4866,13.516667,6.0531240119803655,6.830695416851706,30.814644158295295,120.92856666439077
4867,13.519444,6.048985977053604,6.817083871558392,30.183059257585583,121.1691310965141
4868,13.522222,6.051010860689384,6.805537903032386,30.177515645717477,121.17677389828584
4869,13.525,6.053035550879846,6.793988918193195,30.171972420367638,121.18441808263118
4870,13.527778,6.0550600475704925,6.782436916447052,30.166429583868684,121.19206364788134
4871,13.530556,6.055447597107406,6.762344007620179,30.1434565573945,121.20229642543988
4872,13.533333,6.0605585286405255,6.758272628760254,30.11521501247826,121.21577134933598
4873,13.536111,6.06567151370543,6.754198131159079,30.08696139254927,121.22922261705442
4874,13.538889,6.021935497221929,6.718326509793268,30.082085057479638,121.24033364853436
4875,13.541667,6.01812426401016,6.702401160873819,30.073293328910694,121.24908424361415
4876,13.544444,6.014314768870358,6.686476594839302,30.064507976909944,121.25783253862305
4877,13.547222,6.012252771867217,6.6775082170856255,30.63248020620764,121.05193181382477
4878,13.55,6.010190347886768,6.668537398576007,31.200810972507306,120.8508751189046
4879,13.552778,6.008127496419672,6.659564138510708,31.769393036148756,120.65485593001229
4880,13.555556,6.020921243746924,6.657241244299001,31.75595438003549,120.67221178610275
4881,13.558333,6.029639813238754,6.655835804604438,31.784065707974,120.70969154572752
4882,13.561111,6.038361011857363,6.654428127553599,31.812157862730665,120.74728341224146
4883,13.563889,6.038070302814841,6.637178620549969,31.80424433791,120.75316530263454
4884,13.566667,6.037779439578578,6.61992365299648,31.796338942287477,120.75904143777272
4885,13.569444,6.037488526922203,6.6026694381985696,31.788444524625476,120.76490970110295
4886,13.572222,6.045089942983921,6.608083637537069,29.921277411755533,121.38767992603944
4887,13.575,6.060237931118552,6.602023997822121,30.486952579713773,121.17001670232521
4888,13.577778,6.075390522440742,6.595962270011054,31.053188076833237,120.95694456003052
4889,13.580556,6.065877133910526,6.583000967286392,31.02929277887847,120.96614856913372
4890,13.583333,6.068941007319296,6.572337991901378,31.318177010555225,120.8847176950896
4891,13.586111,6.072005101289939,6.561669218732046,31.60691371495976,120.80489417490678
4892,13.588889,6.0728364700255515,6.545070032553625,29.635706989826723,121.48290459702399
4893,13.591667,6.062962774709629,6.53028552916067,29.60432649433755,121.49231370353668
4894,13.594444,6.053091185162673,6.515504712093989,29.5729536674378,121.5017297549246
4895,13.597222,6.061841260786466,6.502069456055342,30.904898499611846,120.99640753821733
4896,13.6,6.057861277253183,6.464836467219039,31.24875940780182,120.89632240711929
4897,13.602778,6.0538821900752335,6.427590053432207,31.5923396769236,120.79818981565388
4898,13.605556,6.05238875074045,6.411759041592514,30.911419764293264,121.00089989610707
4899,13.608333,6.050031451993661,6.393672517387223,30.906065156027147,121.00545389906792
4900,13.611111,6.04767308495069,6.3755779825387755,30.900711782141286,121.01000947224072
4901,13.613889,6.031399092647655,7.140621052339306,29.379840189978978,121.73587834087839
4902,13.616667,6.044901784154554,7.142071463975544,29.680592470648207,121.62453135365469
4903,13.619444,6.058399586088228,7.143521569849595,29.981243512376828,121.51455639424854
4904,13.622222,6.054146275695432,6.323207016426679,31.520343881186932,120.77783330547244
4905,13.625,6.063765771521666,6.3044153872024005,31.16228988268775,120.87823412424852
4906,13.627778,6.073388233264394,6.285621619843461,30.803833282400674,120.9812366992145
4907,13.630556,6.103409370200239,6.297595820774747,30.796374400873802,120.98527476438984
4908,13.633333,6.1042734122971325,6.681763609092842,29.447813646689468,121.56295815641933
4909,13.636111,6.105137020977686,7.073254057279568,28.09480379251768,122.14379035065217
4910,13.638889,6.111000276817133,6.26069760339043,29.614683641273317,121.41610585616341
4911,13.641667,6.113671352193176,6.254244308522956,29.579268894888905,121.4338377902627
4912,13.644444,6.1163407474160465,6.247793337040033,29.543869357617815,121.45158047455972
4913,13.647222,6.131835144576879,6.235329370674002,31.485529662986444,120.75867074122594
4914,13.65,6.132801576954636,6.234213515929643,31.48071214117391,120.76566611690127
4915,13.652778,6.152585158437843,6.229347330144341,31.477000207729105,120.83533415200701
4916,13.655556,6.15653008075895,6.223476950421624,31.481354790085994,120.84952546239462
4917,13.658333,6.160473340305993,6.217607534757352,31.48570899221341,120.86371165805342
4918,13.661111,6.161712734285732,6.207836126028235,31.497488507858108,120.89154936837257
4919,13.663889,6.162952605160331,6.198064478213208,31.50926845973632,120.9194347376051
4920,13.666667,6.164192952925678,6.18829259155482,31.521048847545046,120.94736785387308
4921,13.669444,6.132034475404799,6.143686611022035,31.560977926455195,120.95009772251878
4922,13.672222,6.129668157397537,6.150853202472856,31.559658448357965,120.9609705389705
4923,13.675,6.127301955503839,6.158025257052348,31.558333871714332,120.97184170347053
4924,13.677778,6.101059784619688,6.0740004867115065,30.935694335732997,121.16034860961726
4925,13.680556,6.0841316852087015,6.061576542780166,31.305657477816247,121.04457937796077
4926,13.683333,6.067209391537466,6.049157664852052,31.67516062886613,120.93065694978164
4927,13.686111,6.074369031480854,6.060255880984267,31.683048892989916,120.93826284433736
4928,13.688889,6.081528864101035,6.07135341447643,31.690938697362014,120.94586903338303
4929,13.691667,6.088688889139908,6.08245026534949,31.69883004085318,120.95347551362987
4930,13.694444,6.091744438105975,6.088593098975968,31.706470118060096,120.95885661932944
4931,13.697222,6.0948011780062235,6.094737773300606,31.71411376401884,120.96424004859351
4932,13.7,6.097858008541303,6.1008820762811755,31.721758226826395,120.96962386193506
4933,13.702778,6.10624793923694,6.390094752554749,31.165121657336847,121.25680667764202
4934,13.705556,6.1146379235129125,6.6835303244830495,30.604626111327185,121.54362633398704
4935,13.708333,6.1230249412754,6.981160647007352,30.040407171439185,121.82996827809576
4936,13.711111,6.131240057887288,6.950087715576505,30.170343191945697,121.7766845055141
4937,13.713889,6.119975821048801,6.966126434420545,30.113397863507643,121.82302159192541
4938,13.716667,6.108710787455378,6.9822331461953215,30.056420796912974,121.86932154082557
4939,13.719444,6.1327884677841915,6.997704549156401,29.840855087433347,121.9233801344946
4940,13.722222,6.156872152747624,7.0131771290219636,29.62510627896961,121.97837149956398
4941,13.725,6.180953172542473,7.028645314995828,29.409257860259608,122.03426674945497
4942,13.727778,6.177671572873393,7.038750404320952,29.410214480796775,122.02786318323639
4943,13.730556,6.1743905354134885,7.048857915488563,29.41116814753415,122.02146038937711
4944,13.733333,6.171111240987143,7.058964209451553,29.412118517740474,122.01506067264496
4945,13.736111,6.17112158203496,7.067158754152107,29.417636587285884,122.00431164020962
4946,13.738889,6.171132769474909,7.075354778336541,29.42315288485795,121.99356309397099
4947,13.741667,6.171144803075624,7.083552282349473,29.428667409310933,121.98281503474108
4948,13.744444,6.172367712172113,7.100762131322435,29.654827739665848,121.90371748381334
4949,13.747222,6.173590109964614,7.117981007301539,29.881009223919065,121.82550131386172
4950,13.75,6.174811556001417,7.135202714428786,30.107122277143766,121.74820773913616
4951,13.752778,6.175704752178813,7.126011764190901,30.334174976517417,121.57172327056081
4952,13.755556,6.180724570197304,7.154806552225704,30.349394798338103,121.56012815250612
4953,13.758333,6.1857414482388915,7.183592889363995,30.36460008663846,121.54855497011071
4954,13.761111,6.125555628960278,7.171231740884036,30.358305818990935,121.57368564426885
4955,13.763889,6.157976979055835,7.1951772744667934,30.364616551594246,121.55083442498845
4956,13.766667,6.190397853570152,7.219112374684281,30.37092504533794,121.52798385410811
4957,13.769444,6.175672243295558,6.946051224351288,30.90879819228958,121.27465089896545
4958,13.772222,6.160943903630306,6.676338860802012,31.443610190893956,121.02103403637967
4959,13.775,6.146218134390713,6.410019715315537,31.97520966853783,120.76723607064712
4960,13.777778,6.140634041556812,6.695154267647702,31.43380903228561,121.02550046305994
4961,13.780556,6.135049782437839,6.983983001103553,30.888855328556033,121.28362386423852
4962,13.783333,6.129467367158245,7.276456132576913,30.34050025734266,121.54150363776053
4963,13.786111,6.1017795108128645,7.266715621113773,30.345149540019015,121.53594265112856
4964,13.788889,6.114850345324319,6.9200500342129985,31.07447457739147,121.1558713400213
4965,13.791667,6.1279249067212085,6.580124251219763,31.79744301487927,120.77542169173891
4966,13.794444,6.111494701497872,6.597786032274827,31.78296479055092,120.80610108118573
4967,13.797222,6.072177447164027,6.600896692998241,31.77092522310027,120.80432570511765
4968,13.8,6.032855081706241,6.604016191415145,31.758882693329795,120.80255032012899
4969,13.802778,6.024885114837742,6.61581025199351,31.02632553280769,121.01845105601625
4970,13.805556,6.016225669694178,6.624813225616439,31.028596723018772,121.01463953437273
4971,13.808333,5.998146898528688,6.626162360973812,31.754640098926664,120.80966790267009
4972,13.811111,5.996023019225008,6.640456215368003,31.38543077255885,120.92015064261606
4973,13.813889,5.993899706764406,6.654750837011456,31.015869464479977,121.03301747591472
4974,13.816667,5.965371216725414,6.648762113316311,31.727492244462937,120.83282955078981
4975,13.819444,6.036514783167236,6.691122011488709,31.365663309403466,120.9373949616661
4976,13.822222,6.1076688135162005,6.733466397991522,31.003354126743588,121.0443658113672
4977,13.825,6.102069828643433,6.731177927588627,31.7235411541337,120.84677870228806
4978,13.827778,6.095268992746021,6.734181759558465,31.361498912697797,120.93204661314219
4979,13.830556,6.088468566160287,6.737186948392992,30.999078001646154,121.02068719043469
4980,13.833333,5.959168121215457,6.678933446850708,31.646167615019642,120.87554434713182
4981,13.836111,5.96147739429515,6.6876921341377304,31.632396216855547,120.88135726884785
4982,13.838889,5.963786887745286,6.696451219116581,31.618623971153774,120.88717035938804
4983,13.841667,6.090211887117784,6.758913127255132,31.612369098960137,120.88512764647628
4984,13.844444,6.041734604745232,6.740373415274684,31.620818397479937,120.88095892025312
4985,13.847222,5.993233993299334,6.721809817943942,31.629273939648414,120.87678968748021
4986,13.85,5.974538701322752,6.716442890519955,31.622062181313815,120.88036321438072
4987,13.852778,5.955842961787457,6.711076928411742,31.614849737175824,120.88393665241976
4988,13.855556,5.937146775680512,6.7057119324626555,31.60763660727323,120.8875100016195
4989,13.858333,5.986617403428886,6.730604972737822,31.599661692043853,120.89130643004707
4990,13.861111,6.03610446438767,6.755497377277967,31.5916839471671,120.89510434995704
4991,13.863889,6.0855901334534686,6.780380181827141,31.583706244486812,120.89890239426477
4992,13.866667,6.033718804693725,6.759732537040412,31.05178492962945,121.08706548034336
4993,13.869444,5.9818624530819555,6.739079052330883,30.52025642168072,121.27935571800249
4994,13.872222,5.929983737388806,6.71840485287308,29.988826773797264,121.4757600093619
4995,13.875,5.968428379525411,6.7423314550988565,30.507991193862253,121.28294445692585
4996,13.877778,6.006869101850629,6.766251213710303,31.027463983897015,121.09420401662798
4997,13.880556,6.045305900340955,6.790164129569796,31.547156665692995,120.90969047142589
4998,13.883333,6.03725893774719,6.794737803504695,31.58275123512088,120.90236832103979
4999,13.886111,6.014897345708901,6.809403987824323,30.612515607544765,121.22507295162318
5000,13.888889,5.992535546205751,6.824092269170391,29.641969258465693,121.56170645947803
5001,13.891667,5.994999738570176,6.833537446358781,29.65547209979247,121.53198256219217
5002,13.894444,5.993008291531758,6.83530563082925,30.56343448860448,121.22774313821004
5003,13.897222,5.991015623343525,6.837073533444952,31.471497413301044,120.9389549441503
5004,13.9,5.994360463364684,6.838647800236377,31.46198517739125,120.93724946552977
5005,13.902778,5.9977054631405,6.8402224269790075,31.452472276131537,120.93554497095839
5006,13.905556,6.00105062252517,6.841797413650603,31.442958709581966,120.93384146050424
5007,13.908333,6.007370826668357,6.8424495781490755,31.437262658659577,120.92316736041987
5008,13.911111,6.013693124809663,6.843101552949502,31.431564809659427,120.91248944852815
5009,13.913889,6.02001524052238,6.843753103126263,31.425867213788365,120.90181156985803
5010,13.916667,6.062709720062458,6.859432214071973,31.399173630938463,120.87759418222514
5011,13.919444,6.067511569319974,6.851725838727914,31.399168798949084,120.89206876643165
5012,13.922222,6.072315402619116,6.844016610629087,31.399163980932066,120.90658458809911
5013,13.925,6.115826652191025,6.856599007650354,31.38948510116512,120.87374845746693
5014,13.927778,6.114418670653295,6.838617742339572,31.402454917293085,120.88614462620414
5015,13.930556,6.113006072138207,6.820632888171863,31.415425277586394,120.89854626137047
5016,13.933333,6.108805325525692,6.817794461542025,31.411716739560354,120.88885682538513
5017,13.936111,6.104603562882328,6.814955491248162,31.40800664021848,120.87916651879239
5018,13.938889,6.100402297198791,6.812116999661246,31.40429631498973,120.86947883062875
5019,13.941667,6.109362650172677,6.81122010453398,31.403225118123387,120.86944549158856
5020,13.944444,6.118319212512892,6.810323553518158,31.402154263554365,120.86941217896079
5021,13.947222,6.127278434087167,6.8094267009229,31.40108298004551,120.8693788687524
5022,13.95,6.236293323425885,6.861204797603332,31.82556748267588,121.08478467839977
5023,13.952778,6.170319773583838,6.819242844922469,31.6198068020299,120.97249761042794
5024,13.955556,6.104340715906023,6.777296958811419,31.412138217609183,120.86183552016591
5025,13.958333,6.152424541519144,7.081790219652726,30.997848312053705,121.20703125818498
5026,13.961111,6.2005156436646,7.390293077641294,30.580410174023683,121.551301809468
5027,13.963889,6.248596703196354,7.702762143268492,30.159898957279957,121.89452470383448
5028,13.966667,6.25970030650099,7.2757318787375915,29.879952159778604,121.68476043922696
5029,13.969444,6.270800598292327,6.857262993472528,29.584304884485995,121.50142606352627
5030,13.972222,6.24978729962543,7.689937783095429,27.92179205080422,122.31003426010533
5031,13.975,6.247623273728225,7.681993040133781,28.838611275394136,121.99748939776849
5032,13.977778,6.245457122008014,7.674054446443797,29.755796360803416,121.69769027854234
5033,13.980556,6.250502341774199,7.678208083707824,29.753695329755395,121.7026513450242
5034,13.983333,6.255545983343042,7.682360888909971,29.751594306181524,121.70761084663083
5035,13.986111,6.260591679092121,7.6865158530222075,29.749491776806366,121.71257235499671
5036,13.988889,6.262165914585763,7.688474350118215,29.89327692926488,121.79546547697483
5037,13.991667,6.263740258014211,7.690432438638117,30.03617509819572,121.8790602642877
5038,13.994444,6.265314142586925,7.692389414009291,30.178141427963567,121.96331297565636
5039,13.997222,6.272079974914069,7.7009164019226475,29.82270696571227,121.94421690201845
5040,14.0,6.278846033964081,7.709444228843058,29.464908326267896,121.92899588288871
5041,14.002778,6.285612319702635,7.717972894787382,29.10474800410899,121.91766784922898
5042,14.005556,6.28215692383379,7.719674785244525,28.68798453843479,122.07680687898893
5043,14.008333,6.27870280693166,7.721376293439501,28.271758545514096,122.23820705206462
5044,14.011111,6.2752474813432375,7.723078644785232,27.85581236474826,122.40190886500879
5045,14.013889,6.247925168159922,7.712413888900215,27.863634660382402,122.40009466134556
5046,14.016667,6.260569500729927,7.729796722175552,28.47287715866736,122.15986827536055
5047,14.019444,6.273208077726986,7.747177937970855,29.08287086598955,121.92475085165891
5048,14.022222,6.282854541078551,6.885781572074881,30.765586127286817,121.11473940033697
5049,14.025,6.290029132886799,6.387955736463757,31.82062447357727,120.56428243173902
5050,14.027778,6.29720359826741,5.904322762923416,32.86326019103347,120.01203483243073
5051,14.030556,6.306571457023464,5.912214955403291,32.86765905761849,120.01060796291854
5052,14.033333,6.306314503556971,6.408427578727077,31.822077116049407,120.56574166908423
5053,14.036111,6.306057426567586,6.919262242457185,30.763392091090694,121.11935845796485
5054,14.038889,6.298873558449971,7.781711562704709,29.11158515386898,121.92382454781607
5055,14.041667,6.295382521295364,7.781105420109622,29.113341090841807,121.92303103640903
5056,14.044444,6.291893012875329,7.7805001005200225,29.115095801640493,121.92223845863468
5057,14.047222,6.274415870747978,7.776196703884073,29.37239380995677,121.85060394157576
5058,14.05,6.256937022254592,7.771893388958581,29.6295270023598,121.78026635587572
5059,14.052778,6.239456467836993,7.767590156316219,29.886484423643367,121.71124229874836
5060,14.055556,6.2277864188729986,7.76302383679708,27.596155817195047,122.49820687297121
5061,14.058333,6.214860930874272,7.762498462027104,28.739332653795103,122.09093923506846
5062,14.061111,6.20192953194527,7.76197269304379,29.88377380886012,121.70358123252562
5063,14.063889,6.203775092023314,7.76325640628089,29.892925680825336,121.69620082954977
5064,14.066667,6.21498346751096,7.7719530117222195,29.893863296447968,121.68995933723222
5065,14.069444,6.226187274388053,7.7806467598164755,29.894799846068594,121.68372036750627
5066,14.072222,6.214976757082768,7.784200358951567,29.890580343950255,121.67855709315008
5067,14.075,6.20376556057721,7.787754062968686,29.886360945138847,121.67339399921788
5068,14.077778,6.192553684997241,7.7913078716417665,29.882141649870512,121.6682310856845
5069,14.080556,6.213486778976595,7.812157434997557,29.89010590552862,121.66376028349235
5070,14.083333,6.234410824287034,7.832999875943683,29.898058941520965,121.65929652588706
5071,14.086111,6.255340889127099,7.853850204052598,29.906006487647446,121.65483659550124
5072,14.088889,6.253906086605406,7.868158929826475,29.900593316754396,121.58937543475749
5073,14.091667,6.248617705519829,7.8741365788946105,29.89938007430542,121.58702207703494
5074,14.094444,6.2433336581650085,7.880111162843566,29.898168465211448,121.58466932396156
5075,14.097222,6.246246664067234,7.894784163881258,29.897570979101587,121.5841402870525
5076,14.1,6.256435820651051,7.9331597644640155,30.064618799460156,121.71860851202995
5077,14.102778,6.2666269156959,7.971509476416248,30.23009480686369,121.85459659735945
5078,14.105556,6.25632945250255,7.983609434632985,29.806979859428317,121.64011460741067
5079,14.108333,6.2564901952517165,8.250848648785198,29.48046430374565,122.01204739154245
5080,14.111111,6.256650986610177,8.522135864595683,29.150495525908582,122.38319342938665
5081,14.113889,6.2028356467937975,8.505764017538873,28.78202203713645,122.37637370009806
5082,14.116667,6.149009083442845,8.489398886106525,28.411309393315634,122.37344519147659
5083,14.119444,6.095190680839645,8.473046363149852,28.038500516446582,122.37441693623926
5084,14.122222,6.0840382349674815,8.486545351540023,28.402724197763284,122.37565940163573
5085,14.125,6.072885816782158,8.500044132844625,28.764657481606406,122.38095537346608
5086,14.127778,6.061733428611113,8.51354270658889,29.124290608996418,122.390294447496
5087,14.130556,6.061474794246276,8.528588880788416,29.121967146961943,122.39192953016338
5088,14.133333,6.061215503232258,8.543629057653021,29.119645119956104,122.3935641519043
5089,14.136111,6.27030197282061,8.177650831473137,30.099121880482855,121.88582652628556
5090,14.138889,6.266665241250104,8.432769243548002,29.598816397292296,122.13974807814104
5091,14.141667,6.263030040778498,8.691574025826903,29.095292590349068,122.39320202035823
5092,14.144444,6.278637551424298,8.715361531709188,29.088097635126516,122.39627588822124
5093,14.147222,6.294249491734265,8.73915872296643,29.080897760389007,122.39935120174853
5094,14.15,6.309860240426188,8.762957032713174,29.073695556985463,122.40242685387615
5095,14.152778,6.304658206107577,8.775185723244004,29.066879313735058,122.4031703577052
5096,14.155556,6.299455540933865,8.787415694344826,29.060061970656037,122.40391330320882
5097,14.158333,6.294254118191182,8.799642542367543,29.0532459829353,122.40465542319318
5098,14.161111,6.277444911034996,8.808639442154202,29.047765830383234,122.40764195107003
5099,14.163889,6.272792351695967,8.814117318902909,29.043443209782232,122.41028108294664
5100,14.166667,6.26813914748873,8.819596141164261,29.039119587402638,122.41291987569649
5101,14.169444,6.264301734357504,8.82496356498547,29.0471589036702,122.40627293393617
5102,14.172222,6.266231768998415,8.835542876054507,29.046716205734185,122.40887258284111
5103,14.175,6.268162243439155,8.846122583838646,29.046272700371965,122.41147245796775
5104,14.177778,6.250384819489758,8.847073685378529,29.032481027598102,122.40767437102686
5105,14.180556,6.156424567847607,8.806617086017418,29.03272431216054,122.40623469684009
5106,14.183333,6.0624769198130295,8.766208193861246,29.032965473448748,122.4047959374537
5107,14.186111,6.065940622833519,8.775264007156217,29.032099025259896,122.40314899964851
5108,14.188889,6.061321413824032,8.778803725951455,29.037240097458792,122.39854227393245
5109,14.191667,6.056701444783618,8.782343150034535,29.04238078633957,122.39393575508525
5110,14.194444,6.054700584589094,8.80248023215319,29.032951768899864,122.39362505369913
5111,14.197222,6.153738779307403,8.131235872916857,30.468005072244722,121.68729990000416
5112,14.2,6.252754387704163,7.486512653023688,31.87908190059693,120.9784511184386
5113,14.202778,6.240435030321555,7.300944410872271,31.850059226383905,121.19843133055842
5114,14.205556,6.228115052797552,7.1108106740218915,31.828115852176204,121.41589726776938
5115,14.208333,6.215798892040706,6.916018109652777,31.813382449415492,121.63080965191274
5116,14.211111,6.225574750301616,7.1339997008767,31.834968515748727,121.40863619317365
5117,14.213889,6.235350837607447,7.34701477188791,31.864167121175136,121.18381635005504
5118,14.216667,6.245127152475485,7.555237185096782,31.900843648061333,120.95631087632846
5119,14.219444,6.189520791465631,7.542987818092939,31.90912041194808,120.94827351236812
5120,14.222222,6.183615530995654,7.244823197691469,31.87745151271723,121.28105748381942
5121,14.225,6.177710323914477,6.93539879252293,31.86286983289495,121.60801401757256
5122,14.227778,6.210771978415675,4.895283681704974,34.187887304187164,121.35088384492188
5123,14.230556,6.204180337377069,4.9065022016443915,33.98060118259795,121.23217123656376
5124,14.233333,6.19759070845641,4.917716702398689,33.77167775815942,121.11498506130708
5125,14.236111,6.175830675777606,4.932622976622023,33.75083530809401,121.11404156344402
5126,14.238889,6.154068421750216,4.947515711474097,33.73000575738816,121.11309766766176
5127,14.241667,6.132303948235705,4.962394911526166,33.709189101701256,121.11215337368195
5128,14.244444,6.124178128369035,6.338774847836639,31.986812461901494,121.4568527082803
5129,14.247222,6.116049712785902,7.7015888928168525,30.26987484465989,121.80967836933989
5130,14.25,6.107921627878204,9.049033770216127,28.560049060911872,122.17076128933799
5131,14.252778,6.108779924434071,8.207403100026823,30.237281097362697,121.33723025170706
5132,14.255556,6.109638627426609,7.401737407065637,31.882251122742808,120.49999591921691
5133,14.258333,6.110497427454119,6.630367978058956,33.495992273687776,119.65969312340492
5134,14.261111,6.084734838813995,9.050862262876436,28.559862338670378,122.16406307563558
5135,14.263889,6.0793838864545275,7.791395274190986,31.28500215875092,121.02236051133876
5136,14.266667,6.074033952497089,6.611160262799464,33.9266222423974,119.88473557094709
5137,14.269444,6.108953270234879,6.943435016991598,33.27596263226594,120.21842178321758
5138,14.272222,6.097001280244692,7.2393087043235145,32.62912880652478,120.55520154194151
5139,14.275,6.08504936165194,7.5405453988902185,31.977436346098955,120.89147747704327
5140,14.277778,6.078497040501029,6.904183560207446,31.534627240346097,121.32354749778547
5141,14.280556,6.0908126742588795,5.915068517533275,32.6623622935963,121.18896443755638
5142,14.283333,6.1031226798949945,4.9082092520499625,33.805239512435044,121.05698172602816
5143,14.286111,6.056774975808787,6.887338355607191,31.525908962486874,121.32397443508442
5144,14.288889,6.038095744890477,6.872509158294049,31.520206160450314,121.32368743263454
5145,14.291667,6.035902243662692,6.858943272049137,30.870871217385677,121.5393814137124
5146,14.294444,6.033710557394102,6.845381646933257,30.221758195754738,121.76193925193529
5147,14.297222,6.031519107582344,6.831814515376365,29.572571122809777,121.99123542171994
5148,14.3,6.017219854804042,7.497817648639268,28.629406711533584,122.25639644945797
5149,14.302778,6.002919982711422,8.164334310118498,27.683285357110115,122.52400000473055
5150,14.305556,5.988619492006567,8.831175838900048,26.734374020721297,122.79406778769878
5151,14.308333,5.9978119844999185,8.808710748114365,27.972922520600633,122.3534975996564
5152,14.311111,6.008202083917208,8.521246239303526,28.87592921364736,121.96280976577064
5153,14.313889,6.018593040198702,8.238322395391435,29.775563813047626,121.57277307498855
5154,14.316667,6.0163853043328,8.211839044122105,30.20684404254275,121.77104481364505
5155,14.319444,6.021764373952282,8.199383943732503,30.19350043010973,121.78188715622692
5156,14.322222,6.0271453108775805,8.18692275209574,30.180155879995304,121.7927315135921
5157,14.325,6.031972385425981,8.16922797212252,30.1635477685754,121.80283605597783
5158,14.327778,6.036802223547378,8.151532963757138,30.14694180086539,121.81294060067806
5159,14.330556,6.04163482404689,8.13383772733373,30.1303379860515,121.82304514035268
5160,14.333333,6.065750329381773,8.128007404825514,30.107998555235973,121.83867850274144
5161,14.336111,6.081510611193561,7.6781731233246155,30.67923865642124,121.35063669107625
5162,14.338889,6.097270240098405,7.237288553397875,31.24270714945054,120.86163041152021
5163,14.341667,6.125961828035448,7.233515572624931,29.39136417556019,121.49652264721219
5164,14.344444,6.123120901165388,7.6419980586187926,29.143230894281025,121.68875179556711
5165,14.347222,6.120280046371027,8.059102815340061,28.886420373121695,121.8867891869716
5166,14.35,6.143969576733969,8.050861752370366,28.44895585546145,122.04826547835349
5167,14.352778,6.167658755473102,8.042618898828191,28.01181680794005,122.21221748008067
5168,14.355556,6.191347573795426,8.034374254263597,27.5750564018889,122.37856406280592
5169,14.358333,6.188901920035484,7.998576741916285,27.521624029629535,122.42691782447066
5170,14.361111,6.1864576184216045,7.962695116813734,27.468356812996973,122.47517678583527
5171,14.363889,6.184015550877664,7.9267418950224275,27.41527438999949,122.52332352541266
5172,14.366667,6.184282276596939,7.900162253776983,27.41470095536613,122.52569572838514
5173,14.369444,6.1867497924088255,7.878457055250497,28.304282371550045,122.2359572321141
5174,14.372222,6.1892205542206895,7.856748642808533,29.194787179582086,121.96056463908972
5175,14.375,6.196727533338578,7.8542496036638205,29.151804178906943,121.95040002828837
5176,14.377778,6.193445155025499,7.828354949024355,29.14245605765163,121.95488858265823
5177,14.380556,6.1901642106804005,7.802467144649139,29.133101383915985,121.95937566231557
5178,14.383333,6.194862576121789,7.773152075149326,27.163020964893448,122.65010131312893
5179,14.386111,6.204284934075332,7.764426347398194,27.149040683402568,122.65501664804758
5180,14.388889,6.21370858653931,7.755703043076574,27.13505677848881,122.65992891019825
5181,14.391667,6.204457395351522,7.125246557840052,28.366773590237173,122.04151751332576
5182,14.394444,6.195209601379608,6.515688920150186,29.580188771667075,121.42051342010448
5183,14.397222,6.185958545069173,5.925697911431319,30.77694652053698,120.7965923026098
5184,14.4,6.2446709117339605,5.932376986144039,32.01270083841941,120.34196938095003
5185,14.402778,6.226922647189669,6.4049991821033405,30.343997664618477,121.12115699034665
5186,14.405556,6.209175440677836,6.8914687147861,28.66644127813045,121.90146845616299
5187,14.408333,6.193971755069766,6.886788257630348,28.638525489663948,121.91407351174887
5188,14.411111,6.1807554572683205,6.877140924464953,29.452867118995222,121.61435150521622
5189,14.413889,6.167540810394705,6.8674954649529525,30.268109706295043,121.32458334891139
5190,14.416667,6.117242891373545,6.8344456858671965,30.24689735020425,121.31263517796133
5191,14.419444,6.0669652057056975,6.801424079704123,30.22569456829479,121.30071192955786
5192,14.422222,6.016671537442917,6.76840687034395,30.204486097312092,121.28880501327417
5193,14.425,6.071795255577815,6.787864837876787,30.203978743921702,121.32106994493283
5194,14.427778,6.126904668090473,6.807334055464786,30.20347163482323,121.35336604046255
5195,14.430556,6.181999785836798,6.82681451980568,30.202964769948963,121.38569334899047
5196,14.433333,6.195767117685278,6.832505346776783,30.184541498282734,121.40024783832793
5197,14.436111,6.209539446389696,6.838198066337,30.166111957559337,121.4148065399214
5198,14.438889,6.223311813731598,6.843890629415338,30.147682784234895,121.4293642101754
5199,14.441667,6.19331048958057,6.818018824221454,30.14067427649455,121.4336404721724
5200,14.444444,6.176994764178701,6.807582064102547,30.121058680777203,121.44806109514049
5201,14.447222,6.180134113180376,6.803602491995308,30.111716421383655,121.46871251965221
5202,14.45,6.183273430254838,6.799623128870532,30.102382244160417,121.48935254349492
5203,14.452778,6.1864127153686415,6.795643974733281,30.09305614221205,121.50998117507895
5204,14.455556,6.184562915594256,6.800750310549095,30.081905553757288,121.51699742145242
5205,14.458333,6.182713731478184,6.8058544556062,30.070759227439034,121.52401123165394
5206,14.461111,6.1808638312492015,6.810960085895982,30.05960913585482,121.53102765687315
5207,14.463889,6.161529898042749,6.801481600267525,30.072953643630484,121.52031251884846
5208,14.466667,6.142044156049696,6.7947684461693125,30.057465629893024,121.51349420923363
5209,14.469444,6.122566148174501,6.788058632924722,30.041971892277914,121.50668423269038
5210,14.472222,6.114093157761369,6.780952415147125,30.045405453409195,121.51099124304876
5211,14.475,6.127411371299587,6.7878687641879,29.758804887321624,121.62426419258308
5212,14.477778,6.1407281975091905,6.794784195903375,29.472420473308176,121.73859531070057
5213,14.480556,6.152157650515482,6.802332163543344,29.473987801763833,121.74307008487288
5214,14.483333,6.158210420072621,6.808911281275389,29.432376652117235,121.75541361675239
5215,14.486111,6.164264923329656,6.81549311247033,29.390748456729945,121.76778282898407
5216,14.488889,6.1574491510214315,6.813675379106737,29.38648073273977,121.77204749964135
5217,14.491667,6.15063343171261,6.811857785422816,29.38221306541007,121.77631255675597
5218,14.494444,6.143820218868594,6.8100409856538455,29.377946990958208,121.78057646489061
5219,14.497222,6.161698931602837,6.81452667101162,29.38971526357446,121.77411931121598
5220,14.5,6.179576315193298,6.819012943317819,29.401482632943733,121.76766186478223
5221,14.502778,6.197452368923104,6.823499801630565,29.413249099508967,121.76120412586529
5222,14.505556,6.20455504105832,6.835191916173091,30.177168495528747,121.99741412843746
5223,14.508333,6.201594781954897,6.850077343027484,30.1598453584827,122.00165643001004
5224,14.511111,6.19863475232928,6.864993169366201,30.1424924228415,122.00590047003938
5225,14.513889,6.190882459274917,6.8688167419683435,29.363972658953074,121.76678069658347
5226,14.516667,6.197288304130851,6.8811017346411845,29.670031632992107,121.648307690659
5227,14.519444,6.203691852099398,6.8933818212490685,29.97616833032904,121.53126551882163
5228,14.522222,6.208302902269747,6.896149765383445,30.12011949881157,122.01794161341117
5229,14.525,6.196238573849836,6.900182134028723,30.115289738085174,122.01495354624372
5230,14.527778,6.18417412283765,6.9042139146024795,30.1104608113189,122.01196521389606
5231,14.530556,6.168058186904904,6.903243285791186,30.110477283523316,122.01285825417786
5232,14.533333,6.161660434761755,6.906314746868363,30.109298712764932,122.00993551700027
5233,14.536111,6.155260415409122,6.909386338081665,30.10812069564721,122.00701161588292
5234,14.538889,6.1095986105738564,6.895741806223722,30.094327335325367,122.01505756567362
5235,14.541667,6.110789091838649,6.904632743414226,30.08589308708448,122.01297242783396
5236,14.544444,6.11197899335022,6.913520795512589,30.077461426537788,122.01088829263539
5237,14.547222,6.106775342040358,6.917761185784677,30.06890151992677,122.02037167402865
5238,14.55,6.1015717945345855,6.92200108243652,30.060342035870647,122.02985598277017
5239,14.552778,6.096368350844774,6.926240485393752,30.051782974451882,122.0393412188737
5240,14.555556,6.0907759007734015,6.934193588075384,29.964400006906743,121.90900127336509
5241,14.558333,6.085185656831436,6.942146230594178,29.87638287610946,121.77810653230092
5242,14.561111,6.07959359291452,6.950104140273812,29.787659785175848,121.6465650025224
5243,14.563889,6.114372720099315,7.004769023127016,29.1820205486419,121.8567532591501
5244,14.566667,6.115878708370113,7.015702495072562,29.16284492836973,121.86335108680935
5245,14.569444,6.117383884372019,7.026633549672008,29.143674814423697,121.86994636304239
5246,14.572222,6.126896643761976,7.035156219552084,29.125891435854406,121.87574435676937
5247,14.575,6.144788437192647,7.048540803645819,29.111044468438855,121.88624903943851
5248,14.577778,6.162678350864887,7.061926741355709,29.096198213606172,121.89675236284198
5249,14.580556,6.207646390730881,7.087813653534075,29.764663546435436,122.17124098005233
5250,14.583333,6.2210768211125895,7.098793764368201,29.652025038188526,121.93978061161029
5251,14.586111,6.234510567783614,7.1097785338429045,29.537922725396896,121.70730974565159
5252,14.588889,6.253276134458217,7.126337042806725,28.98287695560466,121.91091424694268
5253,14.591667,6.236215560755117,7.12025961982901,29.20648880541291,121.82491991121769
5254,14.594444,6.219158871585819,7.114180483450999,29.430098396877497,121.73980234809464
5255,14.597222,6.254995629673948,7.141349948599887,29.375227025103385,121.75682197062285
5256,14.6,6.238475991076745,7.13174887265799,29.348323435310157,121.75636361711581
5257,14.602778,6.221953944828334,7.122144684014627,29.32142338900541,121.75595347889676
5258,14.605556,6.225486858409093,7.1209597229549235,29.292837854251445,121.76315997277568
5259,14.608333,6.229017277338517,7.119773221351194,29.264266628873017,121.77035515638003
5260,14.611111,6.179086419016846,7.093023572377328,29.231496507386986,121.75490556605807
5261,14.613889,6.151809829767275,7.064717368131964,29.213736080429385,121.75523801734381
5262,14.616667,6.12451985253918,7.036405564647087,29.19596606449008,121.75556202733615
5263,14.619444,6.123096158696873,7.024926532479217,29.158773315202296,121.75995865165778
5264,14.622222,6.121668863657263,7.013435430107009,29.121566450731542,121.76435878930117
5265,14.625,6.120238476923243,7.001936389584802,29.0843588879845,121.76876084882748
5266,14.627778,6.126683456768097,6.986884656714684,29.051453762117347,121.77498772132468
5267,14.630556,6.133124193683074,6.971834950279474,29.018543362276063,121.78121921758317
5268,14.633333,6.139558366130869,6.956792673841095,28.98563958547234,121.78745307517478
5269,14.636111,6.168508518649542,6.924852733976355,28.971263846491567,121.81765982324107
5270,14.638889,6.163808712981584,6.911635927235979,28.905276914460636,121.85604736973796
5271,14.641667,6.1590992790384895,6.898412441679572,28.83933608117477,121.8943746710981
5272,14.644444,6.197956573865033,6.908561212073545,28.20344191658034,122.10497226764188
5273,14.647222,6.196124551795764,6.90545118922215,28.414809695167513,122.02418151922724
5274,14.65,6.194286956194773,6.902326546103854,28.62636328087676,121.9441891743608
5275,14.652778,6.200267234809932,6.934257539653293,28.50640757739702,122.0161565561073
5276,14.655556,6.206335060609259,6.9271173697012,28.465299516812244,122.03565184575668
5277,14.658333,6.212398784212031,6.919979082190931,28.424212239944097,122.05512939119019
5278,14.661111,6.19670297471667,6.967344587350187,28.30325524560618,122.08472935145569
5279,14.663889,6.203113349820649,6.955780290317557,28.275012134285916,122.10475799918008
5280,14.666667,6.209521909440793,6.944216146925227,28.2467799116706,122.12477410537015
5281,14.669444,6.060994452019859,6.436988335697414,28.565051241437203,122.14800790390832
5282,14.672222,6.1155442066305366,6.667601623573205,28.361478719151926,122.16753615038492
5283,14.675,6.169788089883427,6.899410707674086,28.15640711471366,122.18706018113984
5284,14.677778,6.1648812906775206,6.887156912733516,28.125342308541832,122.21061478043531
5285,14.680556,6.183617559808406,6.8872673752493405,28.198839756313554,122.48277498578723
5286,14.683333,6.202345085955358,6.887377915905377,28.271277828324486,122.75343033338238
5287,14.686111,6.1587166293103905,6.86064518834897,28.04682082171135,122.27600783060875
5288,14.688889,6.168902341599278,6.8687303756290845,28.007499767725037,122.30258956394339
5289,14.691667,6.179086400270199,6.876811074648311,27.96817954841066,122.32917452167273
5290,14.694444,6.12799192750666,6.694923683304767,27.549135779104702,122.56488249529657
5291,14.697222,6.076696642097364,6.513367605863088,27.13055086636348,122.80359709525838
5292,14.7,6.025218153193359,6.33220479960486,26.712671905428834,123.04507585561562
5293,14.702778,6.139588199803098,6.699134043306541,26.102079295752795,123.15223362338445
5294,14.705556,6.126359415700598,6.682942671786,26.08379856237414,123.16954314027863
5295,14.708333,6.11313801078648,6.666759549016499,26.065523907175887,123.1868473608519
5296,14.711111,6.107070276171653,6.657034545902835,26.03574361999842,123.20985312256052
5297,14.713889,6.101003563129069,6.647310370843645,26.005968222814857,123.23284231214946
5298,14.716667,6.0949378716789955,6.637587023771593,25.976197734464186,123.25581488690194
5299,14.719444,6.10986031807751,6.662450415969941,26.60606843953004,123.03200752667344
5300,14.722222,6.124784457782432,6.687336073833736,27.236942242360342,122.81361084933
5301,14.725,6.13970492052427,6.712235069299275,27.86842595461163,122.60096288682944
5302,14.727778,6.165010848934502,6.722008188579418,27.852895830932106,122.62124943544599
5303,14.730556,6.16080858052749,6.719824302447005,27.8227629551685,122.64950308328606
5304,14.733333,6.1566076453620155,6.717641003956439,27.79265655637699,122.67773219729382
5305,14.736111,6.126852654091119,6.696612924993481,27.78938236178763,122.69312767667311
5306,14.738889,6.111311101897359,6.691542216974613,27.434495913062868,122.80538510966657
5307,14.741667,6.095769585425337,6.686470541217588,27.079481911682272,122.91969374626093
5308,14.744444,6.123596522320449,6.693755980870234,27.082292249074257,122.92667491162821
5309,14.747222,6.1290176335465585,6.699595468909699,27.069567097897703,122.93861270176389
5310,14.75,6.134438890738913,6.705434954488769,27.056842134079808,122.95055094290181
5311,14.752778,6.12107773040133,6.70701239432767,27.035099435382463,122.9696395354642
5312,14.755556,6.107716526216423,6.7085891008673215,27.01335645959645,122.98873883971577
5313,14.758333,6.094360088179073,6.7101645067913775,26.99162103553752,123.00784200151084
5314,14.761111,6.116153947766522,6.724845362317215,26.969423154315315,123.01625691862237
5315,14.763889,6.091486683975393,6.717972211398989,26.955935547690267,123.01436743199751
5316,14.766667,6.066820035326005,6.7110985137780474,26.942447903063197,123.01248442233437
5317,14.769444,6.105824127321863,6.734384445606111,26.905154057621054,123.0241000118079
5318,14.772222,6.115358294701139,6.748692850165321,27.62240151163543,123.36329360381323
5319,14.775,6.128206290394875,5.931329733746519,28.1989662279111,122.88156215394064
5320,14.777778,6.114581262571344,5.087252515159358,28.97976758264179,122.915448544739
5321,14.780556,6.100955812514288,4.216371266846721,29.788705168375955,122.94795367820471
5322,14.783333,6.121269442333659,5.1125237444989065,28.96027019440678,122.91940300755708
5323,14.786111,6.1415880323149175,5.981519673941593,28.16032773513941,122.8895065413269
5324,14.788889,6.161904266413076,6.823922873767199,27.38833558001796,122.85822857405203
5325,14.791667,6.08029998852407,6.797305749204758,27.35561235793864,122.85931055327292
5326,14.794444,6.079790589097573,6.802863963076476,27.329282009714383,122.85623791997632
5327,14.797222,6.079280842166932,6.808424104771248,27.30294428069258,122.85315857237721
5328,14.8,6.097667977153261,6.819922203681859,27.27042048722712,122.85587629125313
5329,14.802778,6.107414906943065,6.8313881681017765,27.240750066006207,122.85787533540669
5330,14.805556,6.1171613997000165,6.842853275902456,27.211090257798503,122.85986202992997
5331,14.808333,6.1173895599390615,6.839058089563116,27.18199728734679,122.82859380605076
5332,14.811111,6.1138489971197885,6.843637126345117,27.13348999393601,122.8289145993571
5333,14.813889,6.110308459691398,6.848216046752082,27.08498813519825,122.82921821431178
5334,14.816667,6.100606124372609,6.864990853038133,26.966351674415456,122.85170282743563
5335,14.819444,6.090907142879031,6.881756980840763,26.847764733234044,122.87424986531197
5336,14.822222,6.081204530133096,6.8985264988112736,26.729142453621996,122.89687515332902
5337,14.825,6.075292485801684,6.901134719057147,26.67287830738728,122.88899367323832
5338,14.827778,6.063666166520127,6.905409802243133,26.233873037465273,123.00687606491162
5339,14.830556,6.05204010194724,6.909686157480293,25.79471261434869,123.12760531026227
5340,14.833333,5.864284951755584,6.482000240491255,26.236524922207195,123.0647030408535
5341,14.836111,5.677630104676378,6.052285515789919,26.681519351807445,123.00262418011464
5342,14.838889,5.492136651176919,5.620638998733842,27.129582136802917,122.94140223162809
5343,14.841667,5.4858060051356645,5.626129499932819,27.078024391477577,122.95198113265506
5344,14.844444,5.479477559396367,5.631617041192353,27.02648334667083,122.96254455041289
5345,14.847222,5.473146756222693,5.6371055743972605,26.974921931147435,122.97310005567395
5346,14.85,5.464739060712718,5.637910587260491,26.878741740927012,123.00593261429454
5347,14.852778,5.456331495666046,5.638715550912535,26.782531923364047,123.03870687552013
5348,14.855556,5.447924061168099,5.639520465318576,26.68629291798515,123.07142231655239
5349,14.858333,5.472002772759621,5.658029928863018,26.610419769216307,123.0660652176813
5350,14.861111,5.4054077210268865,5.62080541224271,26.550903914864122,123.09220620003457
5351,14.863889,5.338806185973954,5.583597806001091,26.49139884000744,123.1183390221888
5352,14.866667,5.36789259860501,5.612777873031691,26.407243849719116,123.15152086717139
5353,14.869444,5.574818356598033,6.087754206002055,26.02060984934345,123.2025005554331
5354,14.872222,5.782429983529244,6.5612260178659,25.636200767099176,123.25351143880077
5355,14.875,5.799130818365327,6.574728727856023,25.567678434315297,123.2831426380494
5356,14.877778,5.81583147316014,6.588230495723559,25.499159544422135,123.31278093332817
5357,14.880556,5.8325319471723684,6.601731321193089,25.430644240721612,123.3424261969236
5358,14.883333,5.8369423269742775,6.619323696341356,25.364471093752634,123.37012777904944
5359,14.886111,5.855401346275851,6.631165241145547,25.310873398080147,123.3946821059415
5360,14.888889,5.873860259434645,6.643006607350719,25.25727478731816,123.41922932832601
5361,14.891667,5.89573891745181,6.681805539134173,25.163001061244614,123.45315595972325
5362,14.894444,5.697751884961777,6.1964197633739495,25.376819749682426,123.47468525060192
5363,14.897222,5.500321363541836,5.709097789181142,25.59309496618095,123.49619257479414
5364,14.9,5.90480226274539,6.704415317127154,24.932890723644725,123.52250947981115
5365,14.902778,5.697129955385709,6.204995447720968,25.163624287454816,123.55973997403005
5366,14.905556,5.490104140149516,5.703743433207883,25.396870147216987,123.59694334203063
5367,14.908333,5.513738194375117,5.717401433435246,25.325974635619282,123.62438812019614
5368,14.911111,5.5026964852330575,5.722752776716558,25.20912647676176,123.6669735806468
5369,14.913889,5.491654331996266,5.728102051686518,25.09232225023387,123.70959023052636
5370,14.916667,5.4620785364049365,5.721013791451288,25.030580643916302,123.72473015231826
5371,14.919444,5.461328891354611,5.721414195989903,24.976653007627043,123.73856426480243
5372,14.922222,5.460579019718445,5.721814704177747,24.92270923770797,123.75238209963744
5373,14.925,6.046393110616702,7.0434542586610736,24.10102910397309,123.77297784498431
5374,14.927778,6.049331977439765,7.049282152434467,24.020624402896885,123.78618674764762
5375,14.930556,6.038769975627211,7.04473062576476,23.954502273204916,123.79470928114524
5376,14.933333,6.028211874164802,7.0401806640500695,23.88842681754854,123.8033046515611
5377,14.936111,6.017650069303688,7.035628990427858,23.822350617645718,123.81197874849967
5378,14.938889,5.998274561862781,6.9750822708768485,23.756216303277,123.82668209651463
5379,14.941667,5.979045963553899,6.914506651275257,23.690245679186177,123.84140407498877
5380,14.944444,5.959970269075464,6.853921158608397,23.624464793487057,123.85613919228335
5381,14.947222,5.926419722554277,6.8292493949781985,23.540702831225367,123.88675358129466
5382,14.95,6.006906645700944,6.956923103462328,23.01149345963983,124.04057858472565
5383,14.952778,6.08788507481324,7.08451305016821,22.48319922315016,124.1972261542618
5384,14.955556,5.954897445015151,6.87005384659976,22.493919616370896,124.2114297574508
5385,14.958333,5.730468774301402,6.310731205003597,22.721039538277857,124.2405427695413
5386,14.961111,5.506767149718339,5.748826156663059,22.951456173705296,124.26966054722031
5387,14.963889,5.939741175386267,6.887646495901528,22.195780190164193,124.25678184940675
5388,14.966667,5.922700508492811,6.881509216504817,22.11913819094643,124.27658009850144
5389,14.969444,5.905665525315397,6.875373307648424,22.04254431904875,124.29634798933462
5390,14.972222,5.904285279136005,6.880589399345167,21.93714411172838,124.32187065638188
5391,14.975,5.902905242990567,6.885804789898531,21.831763703929376,124.34741517038627
5392,14.977778,5.901525416848083,6.891019479397256,21.726403710006373,124.37298114069453
5393,14.980556,5.904786616725831,6.895686969922055,21.673300429863772,124.40785978094085
5394,14.983333,5.8915316686603525,6.887314412464571,21.56107780275022,124.42553344834057
5395,14.986111,5.878271378564145,6.878939024232476,21.44875844994897,124.44330404028499
5396,14.988889,5.88688294383946,6.898012662089126,21.538404682872653,124.40034240595695
5397,14.991667,5.895494856182221,6.917088866808465,21.628096206025766,124.35762898376034
5398,14.994444,5.904104014920595,6.936160769834018,21.717800139052862,124.31518179107535
5399,14.997222,5.917703317656862,6.943724058611455,21.460276812896765,124.40967032528921
5400,15.0,5.931302152112616,6.951287269973584,21.203047060254256,124.5046937314349
5401,15.002778,5.944900517779372,6.958850403376799,20.946120941061437,124.60023837490318
5402,15.005556,5.974750718080159,6.983381210098155,20.86771568730954,124.54602472723708
5403,15.008333,5.983011030408052,7.004055577202459,20.76529597933512,124.57270156637232
5404,15.011111,5.991273236655058,7.0247338165453215,20.66285109006931,124.59943639259699
5405,15.013889,6.0008470219187675,7.04113463738299,20.75932046727393,124.57438069015181
5406,15.016667,6.010420392717865,7.057533651685434,20.855867629404187,124.54969589366264
5407,15.019444,6.019989902492522,7.073924956969092,20.952457206061567,124.5253948516682
5408,15.022222,6.03475320943531,7.107833951497042,20.863798137574378,124.53449897156553
5409,15.025,6.032962332175407,7.115176372753863,20.789543977970197,124.54421833888115
5410,15.027778,6.031168126996187,7.122517319640188,20.715297756537403,124.55392043371712
5411,15.030556,6.026554521754404,7.120318879135262,20.650524682091515,124.55953849403757
5412,15.033333,6.02354412241983,7.142606640369552,20.250180601538737,124.68621295579787
5413,15.036111,6.020531782232247,7.164893179461705,19.850146439700033,124.81460066640857
5414,15.038889,6.012969814140243,7.168560689394541,19.772401136440365,124.8171842698318
5415,15.041667,6.005406512852751,7.172228319095391,19.694682850507732,124.81976710519443
5416,15.044444,5.997844603162825,7.17589474800287,19.61701984933766,124.82234821377561
5417,15.047222,6.004017808376139,7.16836911608374,20.146225008019677,124.56696387855384
5418,15.05,5.994053050088612,7.143390601526949,20.08214617337876,124.56239865275187
5419,15.052778,5.984087682226583,7.118408656355898,20.01805425003348,124.5578870944061
5420,15.055556,5.995219674407002,7.128971536805787,19.396635663460494,124.7923681415926
5421,15.058333,5.97398869189918,7.121416740461608,19.6126512233134,124.67507035452407
5422,15.061111,5.952750946840194,7.1138602472228385,19.82915154263989,124.55811716839993
5423,15.063889,5.932820111559604,7.100816412530685,19.19310859302898,124.80739647165522
5424,15.066667,5.794092514530803,6.823287627353137,19.2875475864398,124.7883604040493
5425,15.069444,5.65582930077834,6.545237063696227,19.383005469585818,124.7691231619233
5426,15.072222,5.667222943691504,6.542168510914253,19.336701934767028,124.76342898643385
5427,15.075,5.673692902941212,6.560600936429809,19.2494463650661,124.77567422245339
5428,15.077778,5.6801584476188545,6.57903003421325,19.162206528978665,124.78795646315466
5429,15.080556,5.940045144412887,7.180321147905014,18.761182779810085,124.78668282677636
5430,15.083333,5.956804381026194,7.215002266351613,18.68255531563966,124.77963449108115
5431,15.086111,5.9929677941186785,7.266335554627247,18.586288255641847,124.77580696173997
5432,15.088889,6.029125107377027,7.3176574307554265,18.49002768659676,124.77212356634332
5433,15.091667,6.065276310920638,7.368967877743936,18.39377385172247,124.76858391995752
5434,15.094444,6.093831407013882,7.406093198592071,18.88493795915172,124.50715316426037
5435,15.097222,6.0798302269062745,7.431683869150707,18.78949912567053,124.51582415499279
5436,15.1,6.0658241693154995,7.457272362347249,18.69408842287583,124.5244995003397
5437,15.102778,6.064869238871713,7.503337544791927,18.602703806508345,124.54686877392179
5438,15.105556,6.063908177326319,7.549391486255617,18.511366673814656,124.5692185720949
5439,15.108333,6.062941333933749,7.595417599649453,18.42010999204058,124.59154077979427
5440,15.111111,6.039917317747106,7.586443463560439,18.383670722751873,124.59768325272417
5441,15.113889,6.016884909481979,7.5774686960810484,18.347244194725498,124.60381891508031
5442,15.116667,5.993844117329804,7.568493298482458,18.310830474903568,124.60994774648184
5443,15.119444,5.979276414306707,7.586339173924472,18.248183981090875,124.62753954475436
5444,15.122222,5.964696473127896,7.6041848651285076,18.185517465232834,124.64514524612555
5445,15.125,5.950109536768299,7.6220239459051555,18.12285354647333,124.66275847026579
5446,15.127778,5.916281192564718,7.635490052113131,18.076998344843616,124.67550689914138
5447,15.130556,5.904058351834609,7.637082391239575,18.03653630853171,124.69294156061342
5448,15.133333,5.891838290888604,7.6386747490621385,17.996083597954126,124.71037357302113
5449,15.136111,5.728835127847995,7.562249904231653,17.960679997039215,124.72927705538488
5450,15.138889,5.61003690812171,7.2810738631099206,18.052925532498634,124.71998022751949
5451,15.141667,5.491576354062481,6.9990693441122644,18.146332896117258,124.71086014066695
5452,15.144444,5.436562460321287,6.989065519027486,18.08139327638579,124.73432593993236
5453,15.147222,5.4647001452124755,7.015297143204409,18.027263331154245,124.74057708424401
5454,15.15,5.492840150405424,7.041532177463862,17.973115067173637,124.74684065691314
5455,15.152778,5.588817870147391,7.120501567346308,17.91178840277167,124.7572227647524
5456,15.155556,5.586125874563194,7.139007259075706,17.867867425725265,124.80176554230171
5457,15.158333,5.5834345015139615,7.157506855430466,17.82396036464238,124.84630236127596
5458,15.161111,5.508764275667202,7.15093444337459,17.77206804477769,124.84970588833615
5459,15.163889,5.527794394873435,7.184485489846475,17.72109164948065,124.85950732481173
5460,15.166667,5.54681691367735,7.218029534508423,17.670115225561098,124.86931885146517
5461,15.169444,5.5222485082148065,7.207584960621979,17.660936837376575,124.86983656032054
5462,15.172222,5.496358729579974,7.21424974706243,17.638050971350175,124.83544485010337
5463,15.175,5.470461543754519,7.220915305977401,17.615157816834554,124.80113109850764
5464,15.177778,5.529001881892626,7.436558584241315,17.450250624483758,124.823888968926
5465,15.180556,5.587744887536417,7.6518360157562455,17.285903887705345,124.84663801442478
5466,15.183333,5.646669459311214,7.866673122967608,17.122173822411533,124.86937000510925
5467,15.186111,5.626148654914854,7.870917176549646,17.064665343604737,124.86584862150404
5468,15.188889,5.605624449542029,7.875160959323761,17.00715329214472,124.8623501829273
5469,15.191667,5.585096851221591,7.8794044713828875,16.949637779634926,124.85887470211374
5470,15.194444,5.573764888143261,7.892112841939472,16.880368640561173,124.86021803236314
5471,15.197222,5.562417610682084,7.904824580616211,16.81105287026694,124.86159166117362
5472,15.2,5.551059095960415,7.917535112411159,16.741715553415446,124.86299510791643
5473,15.202778,5.5319038666838605,7.950093208333893,16.670962360832753,124.85955129821905
5474,15.205556,5.5413087736616085,7.949843409560117,16.66736665988452,124.85199432636036
5475,15.208333,5.550708822989645,7.949596890874741,16.66377451493115,124.8444232495546
5476,15.211111,5.574423983158059,7.950244674515378,16.62398368300714,124.82077683554967
5477,15.213889,5.415725766238401,7.626269041336819,16.764619951231495,124.82207474587479
5478,15.216667,5.257422723984218,7.301294452713833,16.90664782796494,124.82337854306657
5479,15.219444,5.247213771653945,7.308866802410872,16.85470236756666,124.83368672281064
5480,15.222222,5.2369978764535325,7.316442571107904,16.802730117724494,124.8440020184487
5481,15.225,5.226778715056911,7.324019032182546,16.750749855348666,124.85432068216123
5482,15.227778,5.218112046508111,7.324222864674583,16.704292007619323,124.86211798117152
5483,15.230556,5.241162745827705,7.361238038012331,16.603838006628933,124.87723440396375
5484,15.233333,5.264207180432509,7.398242038126398,16.50335302037812,124.89243222438425
5485,15.236111,5.272007581131227,7.396978661349918,16.499351921101614,124.92974169565865
5486,15.238889,5.2688800226921035,7.394633338544686,16.43117620783724,124.9246546560248
5487,15.241667,5.265751032408339,7.39228723802645,16.362938967412028,124.91943366735977
5488,15.244444,5.275713353104516,7.393175077370204,16.324296832858806,124.93654013648684
5489,15.247222,5.285679436786744,7.394062670956249,16.285639537911273,124.95365867243287
5490,15.25,5.525510263438161,8.011165321490719,15.892078710909459,124.9406422307057
5491,15.252778,5.511380331142883,8.00827387538617,15.854648783490994,124.9561078754687
5492,15.255556,5.497257782243041,8.005382977135014,15.81721821590402,124.97158193957118
5493,15.258333,5.321509724667198,7.540385413621616,16.06194606402348,124.99430097810564
5494,15.261111,5.14614087099233,7.073593220440193,16.308832734384147,125.01704448924279
5495,15.263889,4.971216511462799,6.605167393503706,16.557798591472476,125.03980422785212
5496,15.266667,4.9576751710803,6.581110951431606,16.563772041326267,125.05876987868841
5497,15.269444,4.973451687337123,6.579278603346122,16.536414728309516,125.08276303751755
5498,15.272222,4.989235429829138,6.577445100573712,16.509048120266847,125.1067597392658
5499,15.275,4.976199359919766,6.558651785745273,16.48054994972948,125.12711204811716
5500,15.277778,4.963162012971029,6.5398571235981855,16.452054030228368,125.14746261445838
5501,15.280556,4.950123389026384,6.521061115118481,16.42356039995459,125.16781140393287
5502,15.283333,5.159285441979778,6.977655271688683,16.10182056505961,125.21179659782366
5503,15.286111,5.368988231507924,7.433288641542127,15.781605251690017,125.25575960735667
5504,15.288889,5.579153660905893,7.887797692033697,15.463026745486566,125.29968450158073
5505,15.291667,5.653764288873596,7.902258564392085,15.439819599739486,125.31479442131827
5506,15.294444,5.645525422753698,7.864982570758073,15.418861912520413,125.33261756481203
5507,15.297222,5.637283553845084,7.827684875738411,15.397907389946042,125.35044996090663
5508,15.3,5.612378534411485,7.7994665285333635,15.371008039685407,125.36406243407062
5509,15.302778,5.470102857665209,7.4420395008762945,15.519907406662519,125.35956720648623
5510,15.305556,5.328251250728215,7.083455022409964,15.670356385458128,125.35498076783703
5511,15.308333,5.372662986542574,7.103365747162391,15.627569386219925,125.40255339877244
5512,15.311111,5.375073545146186,7.089453792122031,15.608158091889614,125.40424413991498
5513,15.313889,5.37748611078438,7.075539719971221,15.588748217530501,125.4059216555748
5514,15.316667,5.439333968254729,7.080512321689616,15.534132097232742,125.3943976928174
5515,15.319444,5.558677766885316,7.380901421950805,15.330328687476822,125.38816307754216
5516,15.322222,5.678427459096712,7.680530978217286,15.127679524014887,125.38185289216837
5517,15.325,5.671987329661466,7.640904627429796,14.48752001360819,125.71833034265872
5518,15.327778,5.665554486439387,7.601258305065434,13.852544506804232,126.05605910136522
5519,15.330556,5.659128928639335,7.561591986423897,13.222868075057487,126.3947596840179
5520,15.333333,5.6792790365353945,7.562936255009806,13.176986820958177,126.41588225673674
5521,15.336111,5.698762706469585,7.575342919725127,13.146549385651081,126.42320496697282
5522,15.338889,5.718246822335743,7.587749989366163,13.11611135385002,126.43052099728153
5523,15.341667,5.6975083211427915,7.576401226397779,13.075099205176876,126.48706793764889
5524,15.344444,5.688282413177664,7.578781610087994,13.936685737215743,126.02895299984148
5525,15.347222,5.679052786202989,7.581162668851556,14.80759902253569,125.57409847962286
5526,15.35,5.661336287729753,7.567566375384562,14.775021417724844,125.57848918176627
5527,15.352778,5.6538319244055195,7.557584505656301,14.729252365940852,125.63254440949267
5528,15.355556,5.646328055722893,7.5476028188151645,14.683492363930455,125.68657959518951
5529,15.358333,5.618358644154611,7.531300263029081,14.645647482549542,125.70248132336927
5530,15.361111,5.5903783802081115,7.514992083289025,14.607795284957461,125.71834428485379
5531,15.363889,5.562397338838576,7.498684151762616,14.56994943847068,125.73416262802012
5532,15.366667,5.5858430670986134,7.510968463860946,14.55224839196238,125.73757904621694
5533,15.369444,5.5664301322244185,7.4885840490999644,14.257535089794224,125.86660630465444
5534,15.372222,5.547011029630662,7.466192737733689,13.96316806435291,125.99682957232137
5535,15.375,5.486598090807071,7.433013350709613,14.059805822726648,125.95572849385483
5536,15.377778,5.478494638589098,7.442204147349507,14.225223746470267,125.89008847789601
5537,15.380556,5.470391515868112,7.451389202474376,14.39092493760268,125.82483816879314
5538,15.383333,5.4673379592912426,7.455141591985861,13.825253297846778,126.03412155631669
5539,15.386111,5.463256605692022,7.438733033852531,13.833714093509066,126.02492000613482
5540,15.388889,5.459175168280339,7.422344197214226,13.842152588375196,126.0157204782203
5541,15.391667,5.440627423247626,7.417436377480271,13.801553954797203,126.0263571821384
5542,15.394444,5.424728809046838,7.429239272666072,13.753704385714741,126.03431138347143
5543,15.397222,5.40882376299442,7.441045065822522,13.705832747735776,126.0422730757541
5544,15.4,5.399845666895924,7.465775302657704,13.647790761560898,126.05806930588462
5545,15.402778,5.390867877895396,7.490503025645756,13.589745789332472,126.07386994008239
5546,15.405556,5.381890396832436,7.5152282282434175,13.531697863783183,126.08967495679256
5547,15.408333,5.413971784302831,7.51407466054081,13.498345480422312,126.1007366740405
5548,15.411111,5.351810280677565,7.523999847285957,13.373012800865713,126.1376110334309
5549,15.413889,5.393211747402711,7.554031795784713,13.32827960401491,126.14198538524595
5550,15.416667,5.371850458869488,7.571966339210784,13.269070709191894,126.16080749059894
5551,15.419444,5.35049352612767,7.589890436905764,13.209880048466239,126.17962470893453
5552,15.422222,5.326237609212361,7.604842151611052,13.144146246585269,126.1906918177343
5553,15.425,5.304415074681362,7.0617004959602845,14.146968852875204,125.69600719377588
5554,15.427778,5.282594208408701,6.533879955313802,15.13864209747333,125.1971426522921
5555,15.430556,5.170907840809065,6.490280507955278,15.080104576937508,125.21579652780873
5556,15.433333,5.166084576479776,7.020056747165231,13.94847409111199,125.76385364247663
5557,15.436111,5.161258661176841,7.56637362777027,12.80534422616174,126.30684320810546
5558,15.438889,5.134997212865876,7.5433785691930435,12.777732737998956,126.32529932697857
5559,15.441667,5.105334297317041,7.518693594784253,12.726951453667347,126.32806421864201
5560,15.444444,5.075677683805223,7.494015761086262,12.676156072340476,126.33086324153832
5561,15.447222,5.013255190255711,7.452412370649917,12.643926409436908,126.33564468809924
5562,15.45,4.979955652998422,7.3956381650451934,12.634445973103098,126.35285624355764
5563,15.452778,4.946654911643245,7.338857770628929,12.624992501594445,126.37005521469872
5564,15.455556,4.943966498764523,7.33109678530707,12.568333675106036,126.37541538346072
5565,15.458333,4.792479285925621,6.989971037478126,12.720619172599381,126.38036662913426
5566,15.461111,4.641387483867749,6.647816733513313,12.874310251339878,126.38533410487118
5567,15.463889,4.59582104439308,6.603450307662619,12.811775665516869,126.39628388857177
5568,15.466667,4.587172010939858,6.584474729370202,12.771912343538741,126.4060636195047
5569,15.469444,4.578528881681487,6.565508587889527,12.732059536549194,126.41586097603876
5570,15.472222,4.9701800067468955,7.354374242843425,12.293452820366447,126.42223017364093
5571,15.475,4.9554330179751656,7.333424921187506,12.244581378722717,126.43549673330942
5572,15.477778,4.940684937242162,7.312477235766295,12.195712106676737,126.44878211049046
5573,15.480556,4.947250159586575,7.307404096901081,12.174622911825079,126.44961860692781
5574,15.483333,4.947638774584673,7.297157003118523,12.148025524065321,126.44983267945709
5575,15.486111,4.948028617790783,7.286907274731092,12.1214159888736,126.45003757627315
5576,15.488889,4.956755361278487,7.283254367756646,12.09382067214247,126.45547750359181
5577,15.491667,4.96548006752573,7.279600616658085,12.066229197951426,126.46090504482892
5578,15.494444,4.974199598483256,7.275947337000501,12.038651520154541,126.46631823842999
5579,15.497222,5.031026456093075,7.298515432273721,12.00394560695484,126.47005559155316
5580,15.5,4.848675813184434,6.8914194937019,12.147938980890359,126.49275336034923
5581,15.502778,4.668248353090197,6.482098737695495,12.296092564098863,126.5154549326029
5582,15.505556,4.680634314597842,6.488216825823885,12.260625026212082,126.52565579477685
5583,15.508333,4.69301451179013,6.494332894627211,12.22517193616823,126.5358456299288
5584,15.511111,4.705397860807228,6.500451348927216,12.189707780719935,126.54603176083246
5585,15.513889,4.710516932922925,6.490550983349527,12.158598039786181,126.55095125615894
5586,15.516667,4.820190394018642,6.780178179411411,11.938491345627725,126.56513277896072
5587,15.519444,4.930134206872193,7.0688555224673095,11.719619157758093,126.57931079767887
5588,15.522222,4.953287196519652,7.083465992924509,11.670860004224775,126.6084731047418
5589,15.525,4.8470274010604,6.805396477232687,11.780097701158802,126.62788423583335
5590,15.527778,4.741086196252693,6.526598657195617,11.890410624608695,126.6472911243521
5591,15.530556,5.0254856347321315,7.0886326603453345,11.589469466588959,126.62004643206667
5592,15.533333,5.006155387974111,7.0932116787135975,11.531884589149143,126.62786298908934
5593,15.536111,4.9868169259617385,7.097789837908033,11.474284050467663,126.63569603514033
5594,15.538889,4.967622613231871,7.116501306775177,11.413817121933704,126.63433722119625
5595,15.541667,4.962417985056982,7.125381161849315,11.371570131548182,126.6246987711876
5596,15.544444,4.957214872914564,7.134254833396094,11.329333701807066,126.61506062808358
5597,15.547222,4.968434039053202,7.1239367085437895,11.339127908300298,126.60510038812303
5598,15.55,4.979698397682563,7.11382057292602,11.34876416807393,126.5951395276666
5599,15.552778,4.99100822635285,7.103904986960632,11.358244199027173,126.58517805178646
5600,15.555556,4.979120195770113,7.092689864316938,11.337351838243556,126.57535552987854
5601,15.558333,4.967236723018873,7.081479630640423,11.316459056655678,126.56554957615616
5602,15.561111,4.955349249903968,7.0702662126041105,11.295550811389266,126.55575314543425
5603,15.563889,4.948859813951719,7.052305264780015,11.309879634952736,126.53264371888032
5604,15.566667,4.959197864331953,7.037557522093918,11.326266655025112,126.50853113779202
5605,15.569444,4.931942040032956,7.0171523263087945,11.330111285757251,126.48831589764414
5606,15.572222,4.939784212360918,7.011005748844898,11.340601769231036,126.46618619547387
5607,15.575,4.947626312622338,7.004859635990664,11.351092349946544,126.4440543942256
5608,15.577778,4.961955778624114,7.004409016788559,11.787125365525942,126.25850292366185
5609,15.580556,4.897225968568982,6.879063085354419,11.841790673616934,126.24124193855094
5610,15.583333,4.832987588056268,6.7535796347677355,11.897089434054788,126.2239863306631
5611,15.586111,4.925222216936888,6.774081476149821,11.928159417071996,126.20240341896648
5612,15.588889,4.921864188148149,6.7542309136141085,11.951090769606566,126.18690068893513
5613,15.591667,4.91850594408333,6.7343776236330175,11.974026080015395,126.17139520753837
5614,15.594444,4.519872879394985,5.688401322457274,12.617615958055271,126.16066265939135
5615,15.597222,4.676005087252413,6.1937648622227375,12.31011989635239,126.14786787457099
5616,15.6,4.832788116893154,6.69701296348676,12.005390977358715,126.13507130124522
5617,15.602778,4.897611479280423,6.765309345489969,12.002076993883776,126.13291743463624
5618,15.605556,4.962438805662755,6.833606885923,11.998760125155865,126.13077332886739
5619,15.608333,5.027246699503884,6.901880939386951,11.995441573329266,126.12863974537704
5620,15.611111,4.1295513630300995,6.584465473974085,11.937643791796368,126.12572473938845
5621,15.613889,3.2310388849622065,6.264224673433459,11.879878845912025,126.12281110903824
5622,15.616667,2.331783700406726,5.941164697600113,11.82214691800548,126.11989885454027
5623,15.619444,4.799538608023163,7.092211650086215,11.826496763947848,126.11440536304634
5624,15.622222,3.5559382467578917,6.549165678479955,11.841821937776704,126.1012947540495
5625,15.625,2.310775482719853,5.999919085329459,11.85714901116756,126.0881907865304
5626,15.627778,2.296552348906957,6.023495245777543,11.848171119248978,126.08419984212763
5627,15.630556,2.2823294302614805,6.04707119642687,11.839192289885826,126.08021083551755
5628,15.633333,2.2681118483998493,6.070638443130077,11.83021576168549,126.07622520264756
5629,15.636111,4.740506952787191,7.192558406605093,11.859634774573873,126.06621367683478
5630,15.638889,4.697111985640408,7.179601277627187,11.876698087041202,126.01480244991076
5631,15.641667,4.653735422336954,7.16664186134779,11.893759556440894,125.96332906853512
5632,15.644444,4.6848003363783395,7.180575473959408,11.918532551770447,125.98244059138737
5633,15.647222,4.715874808883903,7.194516335784151,11.943308634383659,126.00150540704688
5634,15.65,4.746947649251679,7.208459425252313,11.968078880652175,126.0205167300552
5635,15.652778,4.746910493709709,7.1931820340694745,12.001095618810062,125.944388369538
5636,15.655556,4.708378054514824,7.0975537869927265,12.06927242658686,125.92010551787463
5637,15.658333,4.669853894034867,7.001928109650638,12.13745804958122,125.89580728441778
5638,15.661111,4.220652545736144,5.95811123978145,12.751441889437515,125.95259760627955
5639,15.663889,4.474091950071717,6.6189823155799985,12.359245859056244,125.94764792455943
5640,15.666667,4.728382389632413,7.276968134581182,11.97078441524415,125.94269922798712
5641,15.669444,4.65433354606531,7.288797417406483,11.934037566309776,125.94712719893217
5642,15.672222,4.65646498448239,7.322984417091542,11.906580986192562,125.94843301895428
5643,15.675,4.658597099457278,7.357166852301459,11.879130663727231,125.9497386679685
5644,15.677778,4.655369559511659,7.402951532266597,11.832950385294062,125.94894385110312
5645,15.680556,4.652139271517541,7.4487293675854875,11.786775453494538,125.94815281974594
5646,15.683333,4.648907401249293,7.494483864985641,11.740622505611118,125.94736585592939
5647,15.686111,4.650119906030463,7.493002564962078,11.746380238234572,125.95910832495342
5648,15.688889,4.651407184724354,7.491740236447969,11.752003488766292,125.97084229223096
5649,15.691667,4.652769754208277,7.49069570592064,11.757493937241598,125.98256776577706
5650,15.694444,4.422724043373071,7.049869946088393,11.966367334326193,125.98825427305381
5651,15.697222,4.193958542343173,6.6069614019743295,12.178612416342435,125.99394276504266
5652,15.7,3.9665482784009765,6.162058476658212,12.39421649380791,125.99963118818333
5653,15.702778,4.5263854292108014,7.612971080438799,11.012577213733248,126.2565665594832
5654,15.705556,4.541084712731552,7.626676237254028,11.230019062314962,126.12670732714331
5655,15.708333,4.555779615845186,7.640377482574273,11.44802867321162,125.99693116225596
5656,15.711111,4.553727687768861,7.631428109266336,11.423826888631186,126.00528669527834
5657,15.713889,4.551675428507496,7.622478744497135,11.399637014182193,126.01364079912098
5658,15.716667,4.549622838045526,7.613529388319044,11.375459057964207,126.02199346319163
5659,15.719444,4.522171353530682,7.566359437736978,11.374252659631292,126.02714638574462
5660,15.722222,4.556948675953137,7.5678079439416965,11.354683853022852,126.01646941872478
5661,15.725,4.5059294074596306,7.54239497638047,11.325453350048338,126.01498473820364
5662,15.727778,4.516873855322732,7.549786327825286,11.288926426489585,126.0176423778896
5663,15.730556,4.5278183807788235,7.557177895006875,11.252420546276198,126.02027960564222
5664,15.733333,4.50443493796001,7.5359368952215675,11.214698866780996,126.0184473537878
5665,15.736111,4.521792427361223,7.5554750302266225,11.165984220205871,126.030010935551
5666,15.738889,4.539150352407466,7.575013675280378,11.1172830130517,126.04155306200944
5667,15.741667,4.504657753126542,7.541711426613913,11.143789526430979,125.98922673677403
5668,15.744444,4.512509085376378,7.567653425691386,11.10125125288825,125.98282113441765
5669,15.747222,4.5203633007336546,7.593601263467244,11.058700722899157,125.97640993947847
5670,15.75,4.523512965980309,7.626006972701436,11.000635873030138,125.90349982340662
5671,15.752778,4.549321140853541,7.5868260562309136,10.091233108474668,126.4253579757533
5672,15.755556,4.5752728862219225,7.5484823741474045,9.193187769701211,126.9493335235503
5673,15.758333,4.5760222473472805,7.540469232988697,9.176462138596346,126.94050963254911
5674,15.761111,4.576773989924034,7.532453486647073,9.159729604801509,126.93167109797925
5675,15.763889,4.57752784554671,7.524438020764485,9.142996196508335,126.92282109808171
5676,15.766667,4.560563357751132,7.508686267715472,10.94207707534591,125.94377682546589
5677,15.769444,4.578891500047256,7.512694421752666,10.01739028119108,126.42596469167852
5678,15.772222,4.597225578197191,7.516705388809019,9.104119873724084,126.90917425653872
5679,15.775,4.565687974025677,7.4950481829575875,10.849558868005687,125.93003479282312
5680,15.777778,4.587656489998569,7.5019846041380145,10.79557399231022,125.94024987794516
5681,15.780556,4.609622149316685,7.508920913638812,10.741591688741266,125.95048476057333
5682,15.783333,4.408702216263805,7.0512469245724585,10.955394994024967,125.96091821852103
5683,15.786111,4.20905346202856,6.591140061142481,11.172898290585657,125.97134516143772
5684,15.788889,4.010740392509259,6.128689146802541,11.394092760959996,125.98176181291747
5685,15.791667,4.213000636726285,6.576301608588709,11.103722829349937,125.99579227824107
5686,15.794444,4.416517580376066,7.021560393158957,10.816985570993769,126.0098099084632
5687,15.797222,4.6214464372999835,7.464859878904592,10.533609454440146,126.02382477101553
5688,15.8,4.595735399932709,7.4497946094606675,9.915404983478872,126.35868496605302
5689,15.802778,4.570023902222056,7.434728811922708,9.302471773089767,126.69359129494633
5690,15.805556,4.544311946795837,7.419662487962697,8.694881942474307,127.02833671861784
5691,15.808333,4.523113149607193,7.415696916227176,10.408726186568334,126.08247104953269
5692,15.811111,4.501847410937247,7.393430575087761,10.365297413045713,126.11819069780385
5693,15.813889,4.480595220527237,7.371175844060305,10.321892879726413,126.1538910002508
5694,15.816667,4.477442032426568,7.368394044187449,10.291175929037752,126.1674562776709
5695,15.819444,4.474290060837527,7.365613314614816,10.260464897452799,126.18102276152727
5696,15.822222,4.47113703571808,7.36283165267043,10.229737682843172,126.1946002093005
5697,15.825,4.483249077615358,7.373952170311597,10.199463255720339,126.2071895732198
5698,15.827778,4.471704923292609,7.368582744952501,10.176715589514203,126.22372977143961
5699,15.830556,4.460160595289697,7.363213046563718,10.153969996577974,126.24026949890815
5700,15.833333,4.468318085835541,7.372248604714461,10.128786488541405,126.24472576239712
5701,15.836111,4.476478502910917,7.381287211884683,10.103584666707839,126.24919034756967
5702,15.838889,4.484638908804207,7.390325614152868,10.078373599518091,126.25366165264676
5703,15.841667,4.477768052545871,7.386494038578746,10.058077659106903,126.26139538439575
5704,15.844444,4.493318313964579,7.405126011856064,10.032556510317768,126.2669055919764
5705,15.847222,4.50887629905127,7.42376632062669,10.007023152610326,126.27242034063515
5706,15.85,4.495060322963353,7.424425589184272,9.97840485460101,126.27825479071451
5707,15.852778,4.51765868307586,7.443311135703462,9.949891615400414,126.24147651486105
5708,15.855556,4.5402570401915625,7.4621969127837655,9.921372104856761,126.20479549537869
5709,15.858333,1.9736652982100047,6.285139524032148,9.86318024063457,126.21599946991786
5710,15.861111,3.2534365622780506,6.877577377320089,9.831994790525027,126.25973938368806
5711,15.863889,4.531707681712591,7.4627710316063816,9.80080170882255,126.30352756706144
5712,15.866667,4.500075407056405,7.453185954896924,9.7773545675789,126.26753777370088
5713,15.869444,4.505240615250168,7.484382329435045,9.717850777748485,126.27638097735935
5714,15.872222,4.510407695507311,7.515586037692268,9.658315483943912,126.28523977711119
5715,15.875,4.482544069634548,7.502257786730707,9.643182872995116,126.28935749101622
5716,15.877778,4.472144947158904,7.512812930731233,9.605538726480969,126.30635504868899
5717,15.880556,4.461748178600985,7.52336907566073,9.56789287241886,126.32336792379901
5718,15.883333,4.4350665877328606,7.513880736028433,9.550755592561952,126.33281613873102
5719,15.886111,4.4083764920260435,7.504388162464618,9.533621580107422,126.3422594059676
5720,15.888889,4.380098765239117,7.498081081974313,9.51180916342945,126.34968019375769
5721,15.891667,4.351822214649527,7.4917746751731205,9.489997594399942,126.35709908631783
5722,15.894444,4.32355702480168,7.4854712118752165,9.468194730310088,126.36451340954876
5723,15.897222,4.27687883836083,7.465169719204338,9.444002418085166,126.37173580121758
5724,15.9,4.269370767711301,7.46839396819518,9.420740500463033,126.37691753594025
5725,15.902778,4.2618623544354595,7.471617639077584,9.397476637816869,126.38210241906758
5726,15.905556,4.298986883540133,7.4998825497780945,9.376689160225194,126.38647032402515
5727,15.908333,4.4672202027996875,7.502190343908685,9.346231256096413,126.39235654205073
5728,15.911111,4.634276377169,7.504498810082632,9.315750392001533,126.3982603698418
5729,15.913889,4.63272679778715,7.507834613183819,9.296260889276194,126.40333965412829
5730,15.916667,4.632583748090134,7.512151561642774,9.279410017583778,126.40794899204688
5731,15.919444,4.63244143409292,7.516467097552246,9.262563861275364,126.41255798254436
5732,15.922222,4.503957525446941,7.513255741792138,9.245041267863762,126.42459413866042
5733,15.925,4.3748398298612425,7.510044515106369,9.227521360825783,126.436626985345
5734,15.927778,4.245084791101373,7.506833417477614,9.21000414324618,126.44865651954727
5735,15.930556,4.2510156769003,7.519820002914299,9.193175113974323,126.45821216181879
5736,15.933333,4.260266325245707,7.529637495348844,9.182271371331925,126.46775331280413
5737,15.936111,4.269520033995379,7.539458188640305,9.171363969166823,126.47729759228348
5738,15.938889,4.267429137364308,7.536994829831196,9.162127471457953,126.49574677670897
5739,15.941667,4.265338109705436,7.534525665616373,9.152908123111057,126.51418536605514
5740,15.944444,4.263247703885947,7.532051579738955,9.14370923224174,126.53260673835554
5741,15.947222,4.268779158263742,7.535611401673984,9.134102954982772,126.54270885868029
5742,15.95,4.269104643213293,7.514645399402779,9.16587592849697,126.53456925270065
5743,15.952778,4.26942984348776,7.493713859233418,9.197616247565172,126.52642757867993
5744,15.955556,4.263776232390571,7.4913903894623814,9.198274320541024,126.5274773264572
5745,15.958333,4.250594748722387,7.482936601166479,9.189495384993766,126.5326591527673
5746,15.961111,4.2374091175090065,7.474481314851733,9.180710300560001,126.53784602774316
5747,15.963889,4.222321163364279,7.467038883451753,9.18059688232631,126.54726501487123
5748,15.966667,4.226680423686634,7.453123503402447,9.19767457935514,126.5442890298814
5749,15.969444,4.231037375173605,7.439218388750103,9.21474050890972,126.54131441504238
5750,15.972222,4.229394121724766,7.48331112624869,9.148361537067863,126.56435300394178
5751,15.975,4.227751145441033,7.527394114100092,9.08198032259174,126.58740355507295
5752,15.977778,4.226108446388736,7.571467317418291,9.015596903550566,126.6104660652298
5753,15.980556,4.245026692813143,7.581978903002867,9.008057232698334,126.57209002323815
5754,15.983333,4.243867521894666,7.584120626618578,9.006918564914518,126.57437375069979
5755,15.986111,4.2427078270055425,7.58626310204297,9.005779418907746,126.57665838458671
5756,15.988889,4.2358935265606235,7.586713589889094,8.974086981940065,126.58687834059837
5757,15.991667,4.229078918232517,7.587164077485115,8.942392302242837,126.59711199818621
5758,15.994444,4.2222664554424725,7.587614402669507,8.910706808949584,126.60735564396971
5759,15.997222,4.2194937409743165,7.585890720986589,8.904810384284321,126.60691594952199
5760,16.0,4.215423308570966,7.588211818810329,8.886810728967557,126.61254015525508
5761,16.002778,4.211352348819572,7.590532754340508,8.868813605750976,126.61816530885464
5762,16.005556,4.180582883497847,7.584126961646829,8.855290071748431,126.61935869626838
5763,16.008333,4.176160641746664,7.58461561573446,8.841042321164963,126.62029908400548
5764,16.011111,4.171736693917033,7.58510444868257,8.82678895438999,126.62124060699652
5765,16.013889,4.153386215560884,7.593110218084895,8.798160920207124,126.62760204003287
5766,16.016667,4.139361055622169,7.592405500759531,8.777889254310395,126.63387503711714
5767,16.019444,4.125341083299761,7.591701219175553,8.75762830117732,126.64014522609254
5768,16.022222,4.125510342362952,7.584770240163168,8.766443484523204,126.63452469636555
5769,16.025,4.09219556965974,7.5818571119886435,8.741646159925889,126.67323634119886
5770,16.027778,4.058878279566363,7.578940847352008,8.716849582389035,126.7118894265226
5771,16.030556,4.046260279340652,7.579747134583689,8.695843836242691,126.71769602382115
5772,16.033333,4.0595387258645435,7.577826345767189,8.698469306296793,126.71972387755726
5773,16.036111,4.072819795823936,7.575897193066247,8.701104446112968,126.72175011064688
5774,16.038889,4.059537383718258,7.575027665638187,8.680742821682937,126.72787076126976
5775,16.041667,4.046254631783075,7.5741576365035765,8.660383487186248,126.73399143076718
5776,16.044444,4.032976322235314,7.573287419070727,8.640033773520525,126.74010991302303
5777,16.047222,4.076003507402234,7.5772401927865225,8.644775682379063,126.69101016502064
5778,16.05,4.128476468266996,7.61882196608893,8.612140895399712,126.70567369904707
5779,16.052778,4.090772899666231,7.587587161910605,8.609182417644998,126.71269718658549
5780,16.055556,4.081821084472857,7.586524045772457,8.59093065812889,126.72202831652022
5781,16.058333,4.072872141536104,7.585461539729042,8.572685651878633,126.73135672537738
5782,16.061111,3.895619640680689,7.17702220556353,8.788536991251938,126.74587832042404
5783,16.063889,3.7195030347275875,6.766652678926745,9.00745388066034,126.76039932254541
5784,16.066667,3.5445149261931945,6.354291565342896,9.229490318641371,126.77491973200482
5785,16.069444,3.5309732499084046,6.351106283073413,9.214428846237087,126.77944592781948
5786,16.072222,3.517425608634033,6.347919385100486,9.199360168742281,126.78397571175454
5787,16.075,3.503876878881968,6.344732018475312,9.184289710475188,126.78850745366744
5788,16.077778,3.496155608945651,6.345199458595671,9.1700948204617,126.79114019827087
5789,16.080556,3.7457681646256393,6.962366824223494,8.818895895925746,126.79006702696343
5790,16.083333,3.9978318154983583,7.57497314855072,8.474701627759021,126.78899443078318
5791,16.086111,4.047887174243524,7.593823474966793,8.480696440793029,126.78366189782945
5792,16.088889,3.9976300202766524,7.570938847646868,8.502396329586915,126.78319560207954
5793,16.091667,3.947359883538656,7.548060838993074,8.524091119976532,126.78273851081327
5794,16.094444,3.8994159593642053,7.519955984028979,8.52985533521451,126.7791020381133
5795,16.097222,3.899534064091368,7.510902591335313,8.535682625616552,126.77607452255096
5796,16.1,3.89965192988765,7.501847290234537,8.541511719695233,126.77304708891826
5797,16.102778,3.9210986227369595,7.511263772286231,8.526470026587905,126.76678417059343
5798,16.105556,3.942545159741268,7.520679040958488,8.51141865342706,126.76052730640303
5799,16.108333,3.963983819599891,7.5300897068495924,8.496363018423342,126.75427875760236
5800,16.111111,3.981386156866984,7.530138057342226,8.504234679838415,126.74841173081602
5801,16.113889,3.987859124281064,7.531860266209179,8.498914189719795,126.74547169280349
5802,16.116667,3.994331770616185,7.533581083633239,8.493594113314042,126.74253053525392
5803,16.119444,3.980303521588212,7.527252170681537,8.512537510012603,126.76769124918395
5804,16.122222,2.6727135103218806,6.9285983149993555,8.507437825696506,126.76804927239137
5805,16.125,1.3633551333613347,6.322572461787374,8.502339719743155,126.76840466696665
5806,16.127778,4.190596280162577,7.632064709896865,8.47229377666229,126.77639371409929
5807,16.130556,2.762517850344956,6.987267342729011,8.449961453979945,126.78155854055724
5808,16.133333,1.332900823587856,6.334507788258074,8.42763688914929,126.78671826497863
5809,16.136111,1.3248265036665146,6.337615785361825,8.40111343944885,126.79234886214714
5810,16.138889,1.3167518251671861,6.340724532025982,8.374591012358835,126.79797869507637
5811,16.141667,1.3086767883703008,6.343834028482851,8.348069615153815,126.80360775953604
5812,16.144444,1.299736952827784,6.352952682636346,8.314862325120558,126.81575316910725
5813,16.147222,1.2860574606547566,6.353708001693571,8.283559498197064,126.82275929726255
5814,16.15,1.2723774232842455,6.354464029612604,8.252251254023179,126.82975869417398
5815,16.152778,1.2485684223894022,6.351852875071474,8.228598385320996,126.83273936898364
5816,16.155556,1.2338962526810509,6.354113881069345,8.202083480892494,126.83183003741549
5817,16.158333,1.2192286556021692,6.356374139563073,8.17557600053819,126.83092312876501
5818,16.161111,1.2061846172748876,6.344054096765454,8.149659829359873,126.83791276293344
5819,16.163889,1.1931398503149744,6.331732747439036,8.123757393128098,126.84490712667791
5820,16.166667,1.1800943553128125,6.3194100918621245,8.097868711959858,126.85190619792444
5821,16.169444,1.18086159909093,6.316136907582024,8.074156722600542,126.85279104535009
5822,16.172222,1.1816294099298972,6.312862512371124,8.050432509729596,126.8536809698421
5823,16.175,1.1823975116121037,6.309588084894484,8.026704619690722,126.8545756534693
5824,16.177778,1.1874873402188477,6.314535620797555,7.994391243856327,126.84394141366515
5825,16.180556,1.1925774786701293,6.319483177303745,7.962051150457214,126.83332042886626
5826,16.183333,1.1976660945130337,6.324428973399558,7.929695973551084,126.82271656822302
5827,16.186111,1.1945867739852556,6.309423726059224,7.920870349675184,126.82553816457794
5828,16.188889,1.2219784160577696,6.323849954082091,7.887847000186909,126.83133343548126
5829,16.191667,1.249371544006193,6.338275031475169,7.85481823955125,126.83713544952066
5830,16.194444,3.4602756414162013,6.335106412116774,8.521996345461112,126.84011913145976
5831,16.197222,3.4673883073557583,6.33121883463806,8.501829868808855,126.83231780477696
5832,16.2,3.474504934750641,6.32733065910276,8.481694846699039,126.82443904113943
5833,16.202778,0.730233468392683,5.071854967310314,8.435167569571338,126.79062791118686
5834,16.205556,0.7310329613623594,5.065429573295713,8.445569525464055,126.83037526708667
5835,16.208333,1.3030833185457098,6.341214559612903,7.700295388987065,126.79003471693873
5836,16.211111,1.002509438741333,5.662553745320514,8.06795556262406,126.80817713007248
5837,16.213889,0.7049207181432458,4.9789254537034004,8.443580213991659,126.82630307015889
5838,16.216667,0.8953200024851018,5.438038518324344,8.163472114164556,126.84405315698392
5839,16.219444,1.086954551078632,5.894725477828073,7.8870275930192335,126.86180014076554
5840,16.222222,1.2799703634637343,6.349385677496235,7.613985104611459,126.87955679169998
5841,16.225,2.2089110054907692,6.782158708420507,7.585624533575565,126.86765757654656
5842,16.227778,3.1368916589385147,7.2114880023019285,7.5572461573659915,126.8557595912432
5843,16.230556,4.063848270600175,7.637366594706869,7.528849974592049,126.84386286892207
5844,16.233333,4.057200658131205,7.644439217038379,7.500783364931653,126.84609937638483
5845,16.236111,4.049090391146059,7.638299107980098,7.486543722943942,126.84086054787473
5846,16.238889,4.0409796798474495,7.632158868356891,7.472303658868903,126.83561527972923
5847,16.241667,4.01233678946104,7.6155413124275615,7.464344913032647,126.83665973130921
5848,16.244444,2.150149302973949,6.790846748632983,7.44587388907453,126.84181257117145
5849,16.247222,0.2865682912357297,5.943975540189401,7.427395110838123,126.84696533988965
5850,16.25,1.5420316851740345,6.518237744025633,7.408628085056375,126.84997692763788
5851,16.252778,2.797064977229091,7.082649652725943,7.389861630470435,126.85298797220194
5852,16.255556,4.0518043091477,7.637357611783365,7.3710957500233185,126.85599847229538
5853,16.258333,4.071132849745624,7.639054070192545,7.363874059595609,126.84971857873741
5854,16.261111,4.056000503956755,7.623166900100735,7.36059769791548,126.8590390587327
5855,16.263889,4.0408680512279265,7.6072787660589505,7.35732647808479,126.86835518538963
5856,16.266667,4.044860047278473,7.614968807115863,7.337052812570779,126.8712131703988
5857,16.269444,4.035639766609506,7.604021334682621,7.336098603878462,126.86685094804879
5858,16.272222,4.02641588073257,7.593069520919812,7.335143131321718,126.86248685807264
5859,16.275,4.012231783690535,7.583493142139504,7.326791878785226,126.86583237499947
5860,16.277778,4.033099888558242,7.581055510429023,7.3022925416097415,126.87022522608073
5861,16.280556,4.0539729784213225,7.578618647337448,7.277791048310114,126.87463472730336
5862,16.283333,3.9892170485659104,7.552856983401689,7.298533665647479,126.86156221582699
5863,16.286111,4.063177057865937,7.561265456579514,7.333323157669579,126.83937337056564
5864,16.288889,4.137121256785123,7.5697299698992495,7.368075617443893,126.81719475084226
5865,16.291667,4.1088181810160425,7.556513637028004,7.364023689605393,126.81216024286535
5866,16.294444,4.091318810128241,7.535189557564657,7.374331040689992,126.80760506382533
5867,16.297222,4.073812822195956,7.513857420621562,7.3846403831974925,126.80304847798364
5868,16.3,4.107586517097873,7.539024644147936,7.363469632726616,126.80614868928639
5869,16.302778,4.104367261939572,7.533838416673655,7.361591112024211,126.80018175027719
5870,16.305556,4.101148231605661,7.528651566126486,7.359713236687259,126.79421494807058
5871,16.308333,4.051522097146659,7.478133910446257,7.3373205831235,126.80229152425217
5872,16.311111,4.002067223999374,7.4277660126704514,7.3149408907963895,126.81037439538439
5873,16.313889,3.9528004661952902,7.3775648077039815,7.292582473279165,126.8184606458632
5874,16.316667,3.930169904261568,7.3544445816302115,7.2840920373772455,126.8192682594191
5875,16.319444,3.974591535056126,7.426362196570011,7.2464815349702185,126.82175221509983
5876,16.322222,4.01936225734763,7.498414035339557,7.209082519620463,126.82423488567802
5877,16.325,4.008547712698213,7.498293775605072,7.18975475777437,126.82703127570717
5878,16.327778,3.99773533666054,7.498173491872032,7.170429496866635,126.82982444726473
5879,16.330556,3.9869251292303076,7.498053184135582,7.151106740647144,126.83261439919853
5880,16.333333,3.7705970710593615,7.059576515576442,7.361067744554138,126.84180502726652
5881,16.336111,3.555492841911459,6.619007945074026,7.574343603983074,126.85099675841478
5882,16.338889,3.341683307100528,6.176438463748356,7.79091858855843,126.86018627712481
5883,16.341667,3.3033629077928826,6.162452837924993,7.763040441663392,126.86867111548635
5884,16.344444,3.5516859221458876,6.780764602835051,7.3756757865854325,126.87751356718543
5885,16.347222,3.802707407336788,7.394769333903431,6.995310997144632,126.88636703886688
5886,16.35,3.848050195835288,7.414981023562097,6.966550693800169,126.8980109213043
5887,16.352778,3.8367731290507567,7.408201255158467,6.9443191751605085,126.90135425192936
5888,16.355556,3.825495960138161,7.401420365724441,6.922086489213623,126.90469490342421
5889,16.358333,3.8212026985650915,7.393011242665839,6.900245548268764,126.90879238039979
5890,16.361111,3.8169073089213033,7.384598413350814,6.878395124532151,126.91288746866654
5891,16.363889,3.8126113373145802,7.376184906022495,6.856543089120525,126.91697868667423
5892,16.366667,3.793566785996406,7.354325764712634,6.8184582273121634,126.91758328728496
5893,16.369444,3.7747399402796553,7.332830784622139,6.780241441170144,126.9181817520031
5894,16.372222,3.7753079062411814,7.321607597367365,6.761868942760966,126.92432163710679
5895,16.375,3.7758737530812976,7.310383745962778,6.743494861249967,126.93045830808812
5896,16.377778,3.776437480978819,7.299159230463616,6.72511920427953,126.9365917585143
5897,16.380556,3.8908609848867055,7.334861913043964,6.753974556837871,126.94072455702447
5898,16.383333,3.904416321786668,7.328346137696119,6.7372416755911075,126.94756789518782
5899,16.386111,3.9179736441111217,7.321828892858338,6.720500462119283,126.95440756027317
5900,16.388889,3.8691622247130315,7.325948714416009,6.620727605875064,127.00926390822535
5901,16.391667,3.8887349593220772,7.3227642084427575,6.597447189312856,127.013782758168
5902,16.394444,3.9082972143537056,7.3195807202281795,6.574171774917538,127.0183015538061
5903,16.397222,3.3832002187213988,6.07249039948139,7.23521016803323,127.02104073433365
5904,16.4,3.3659558142314285,6.055588653987217,7.21658892755309,127.02781489759552
5905,16.402778,3.348710220359516,6.038685578569428,7.197964640045402,127.03458959210202
5906,16.405556,3.319547732419869,6.00604204155386,7.186562871758348,127.03468597249007
5907,16.408333,3.322881557595325,5.983568032042475,7.177916173606036,127.03922908578288
5908,16.411111,3.3262145352339747,5.9610854323836655,7.169263301855025,127.04377685313152
5909,16.413889,3.3396244640434407,5.945557323867192,7.163554976381267,127.04724139173204
5910,16.416667,3.599726301533561,6.534088348481985,6.804437451227418,127.04991318253816
5911,16.419444,3.8621145742658154,7.118518124634891,6.45171355800775,127.05259565170822
5912,16.422222,3.8550602807633982,7.10037607643598,6.446142563443512,127.05754929401483
5913,16.425,3.8124094037179166,7.06207203745492,6.437388322206992,127.05715511456857
5914,16.427778,3.769766785975577,7.023786995506962,6.428632639651621,127.05676327212755
5915,16.430556,3.777416262586666,7.0160306934587595,6.419578450117005,127.06025499779791
5916,16.433333,3.800414068407818,7.008481147523836,6.387913086208428,127.07161993994448
5917,16.436111,3.8234224466069726,7.000929957185081,6.356241572653069,127.08300247308567
5918,16.438889,3.8341787962425347,6.994206159999489,6.352782313321391,127.0891570243224
5919,16.441667,3.844933436186208,6.987483369375772,6.349322393888219,127.09531146005149
5920,16.444444,3.855682495652294,6.980764004741145,6.345863060847943,127.1014635643097
5921,16.447222,3.883410830158361,6.96182766063008,6.355957263940677,127.09987380953116
5922,16.45,3.602382639928013,6.331173941366417,6.706429445859975,127.1040081935863
5923,16.452778,3.3237971984886876,5.696158564656175,7.063704243297117,127.10814263885409
5924,16.455556,3.3419367763322825,5.697337135304384,7.074128602951809,127.10839277324335
5925,16.458333,3.326974304893671,5.678685077773588,7.085077086266864,127.09125818734948
5926,16.461111,3.3120066994742476,5.660027064011404,7.096028701712843,127.07409387128781
5927,16.463889,3.3408821940848927,5.649761467865657,7.138895651302715,127.06469786977574
5928,16.466667,3.369756899585985,5.639496192334708,7.181767074577667,127.05530738297198
5929,16.469444,3.398620415110921,5.629234935000422,7.2246275238214,127.04592580419451
5930,16.472222,3.367373043990563,5.593308854474026,7.2610225327287985,127.04620047280837
5931,16.475,3.3566118679996872,5.581903409716405,7.274161892159523,127.04785434141046
5932,16.477778,3.345851033959999,5.570497794303572,7.28730197258124,127.04950773885663
5933,16.480556,3.9098320616915476,6.92864741038113,6.523133566525278,127.08689757761208
5934,16.483333,3.601208211038358,6.233412141587165,6.931383296481787,127.08542460930444
5935,16.486111,3.2950989885937148,5.5329396241276125,7.347389551896228,127.08395243377167
5936,16.488889,3.4767091671063834,6.004007623929567,7.087624654416931,127.08508479653956
5937,16.491667,3.6594970046044093,6.472795602825874,6.831305223417083,127.08621806708324
5938,16.494444,3.843401366392138,6.939195073070458,6.578467938538157,127.08735183616362
5939,16.497222,3.8138643070766154,6.94083315504496,6.5760030469711666,127.09104023396672
5940,16.5,3.784330838731682,6.942471143392105,6.573537640745659,127.09472881481277
5941,16.502778,3.7548009681748535,6.944109037953103,6.57107172014404,127.0984175782696
5942,16.505556,3.786584462719425,6.968044327095246,6.5734855548803,127.09212633523721
5943,16.508333,3.773674414889568,6.974785275936158,6.573900630223555,127.0952245899904
5944,16.511111,3.7607581745906025,6.981527494082346,6.574315468892152,127.0983247985712
5945,16.513889,3.743192705772403,6.993928803379784,6.555774639530554,127.10392142858483
5946,16.516667,3.47857715786734,6.390278403494538,6.907417012774673,127.10665662734228
5947,16.519444,3.216320788737187,5.782629864696503,7.265410202137062,127.10939336811386
5948,16.522222,3.2179504128733267,5.818511045197464,7.225845813725588,127.13072858833876
5949,16.525,3.2195814381711187,5.854410094021999,7.1862689141512135,127.15205654933446
5950,16.527778,3.276052396544749,5.897806276894396,7.1905218312268175,127.10774172972101
5951,16.530556,3.2803811580024984,5.922837868842523,7.185208369596939,127.10839036864512
5952,16.533333,3.28471244961651,5.947862202130134,7.1798958222138545,127.10903889062631
5953,16.536111,3.275104707317519,5.935510717180895,7.20847675567072,127.10505618087008
5954,16.538889,3.2770755297444794,5.944052850945198,7.215644124801212,127.09936848544417
5955,16.541667,3.2790483655067977,5.952596139345832,7.222811353497281,127.09368141893067
5956,16.544444,3.287467800402096,5.960575146330486,7.240876634139298,127.08107620567067
5957,16.547222,3.2958937178675196,5.9685587724524005,7.258946933404101,127.0684674567779
5958,16.55,3.304323084890571,5.976544144166251,7.277015744217714,127.05585971330713
5959,16.552778,359.3962484779765,4.184867187387654,7.295055920818935,127.08284029271952
5960,16.555556,1.3797550940529888,5.104450536621851,7.303406360627719,127.09340459664485
5961,16.558333,3.360313262571953,6.003397149327247,7.311755161127685,127.10392966545227
5962,16.561111,3.419519332758007,6.031627967708994,7.348439913910781,127.09691580296023
5963,16.563889,3.3982238616968257,5.991624268667849,7.396524913361766,127.08482211522774
5964,16.566667,3.3769291999078916,5.951611498560066,7.444619143664831,127.07272832780298
5965,16.569444,3.40166227556092,5.981894884691579,7.445875280242259,127.06808727480767
5966,16.572222,3.4264050525802023,6.012189455185387,7.447133182162563,127.06344386028657
5967,16.575,3.451148621487281,6.04248430085803,7.448392396714684,127.05879975659145
5968,16.577778,4.036814839649642,7.353312833050163,6.725202170276148,127.0604551950152
5969,16.580556,3.74820849054524,6.71086545400961,7.091029091697305,127.05906148809756
5970,16.583333,3.4621533641284863,6.064261192138607,7.463559417495635,127.0576671197998
5971,16.586111,3.478934887496102,6.078191727201613,7.463737199905143,127.05705753049149
5972,16.588889,2.863652077742527,5.79341346429997,7.463092559981742,127.0606502421655
5973,16.591667,2.2477403398097486,5.5071652694339175,7.462448047791362,127.06424263365302
5974,16.594444,2.5678861026483197,5.652043295873334,7.459931169795976,127.06483859946074
5975,16.597222,2.888089882538358,5.79649021782142,7.457413588331022,127.06543482042322
5976,16.6,3.208235209455699,5.940454350310297,7.454896209760605,127.0660310819171
5977,16.602778,3.1885021562334366,5.925436785055728,7.461198877207263,127.06939516630352
5978,16.605556,3.1393617656494346,5.879275917543236,7.470683263974934,127.07126962920479
5979,16.608333,3.090236256389529,5.833139604061765,7.480164159340962,127.07314346334651
5980,16.611111,3.0606867810633567,5.805496989433223,7.484949276670481,127.06998204806486
5981,16.613889,3.0619551161601297,5.793798421178511,7.480285276478348,127.07575660718341
5982,16.616667,3.063222334200649,5.782098915806902,7.475621487038776,127.08153079787185
5983,16.619444,3.042297768769197,5.73596111735865,7.4997988482198465,127.0778770191828
5984,16.622222,3.021365230050028,5.689798508397553,7.523992580116101,127.07422107959259
5985,16.625,3.0004322545444957,5.643627720067716,7.54819396124887,127.07056429541403
5986,16.627778,2.975278531372661,5.6081724068268155,7.55533620370176,127.06327158394974
5987,16.630556,2.9503909647984177,5.578078726662337,7.552410575512816,127.06249134608235
5988,16.633333,2.9255087994624063,5.547992034440815,7.549484824194845,127.06171253762919
5989,16.636111,2.9536348726011745,5.551046784243507,7.539673438543247,127.06427481751369
5990,16.638889,2.9440694349303467,5.5298831704660945,7.527112381046194,127.06384628592401
5991,16.641667,2.9345018109332113,5.5087177346821115,7.514548738603256,127.063419819
5992,16.644444,2.955003381745387,5.4965577735985,7.51841333129785,127.0598640803501
5993,16.647222,2.9784076349866027,5.492614258204506,7.501230621811757,127.06049318692355
5994,16.65,3.0018115426710796,5.488670844632914,7.48404293917562,127.06113251457249
5995,16.652778,3.0119418478056765,5.470327116956769,7.486630550600324,127.0545736379979
5996,16.655556,3.005430083857373,5.446038429667755,7.485500963659131,127.0545315650579
5997,16.658333,2.9989206916130193,5.421756544414579,7.484370509581062,127.05449141798805
5998,16.661111,2.999598222514786,5.389111099951672,7.4999567005942325,127.04588916946345
5999,16.663889,2.987882267612095,5.352497398916675,7.506953620187723,127.03838872427455
6000,16.666667,2.9761656804959653,5.315879095676506,7.5139529986578495,127.03089132856813
6001,16.669444,2.9518633823153486,5.26937681104922,7.527715708109977,127.02374581684857
6002,16.672222,2.9626022563433043,5.251098055243412,7.530841516474606,127.02426106150868
6003,16.675,2.97333864195733,5.232817375782314,7.53396779333578,127.02477823592552
6004,16.677778,2.983761071570939,5.207036875285665,7.5446651464320915,127.02246117640142
6005,16.680556,2.994188587714012,5.181253225387721,7.555365541100308,127.02014507646076
6006,16.683333,3.004617430230226,5.155475710756482,7.566065123211516,127.0178307692761
6007,16.686111,3.2970116441183634,5.829222421987893,7.169005983211392,127.01983609037056
6008,16.688889,3.5922209118126407,6.4981755706247455,6.779554496166924,127.02184074675746
6009,16.691667,0.1416905748470345,3.7961933270007773,7.542419410471979,127.02615081629726
6010,16.694444,0.14591507590182928,3.783245805002,7.546262151202505,127.02755610567125
6011,16.697222,0.15013801847683084,3.770293135051338,7.5501042921492,127.02896205309388
6012,16.7,0.14921564917438523,3.7722466727652773,7.538215460810086,127.03636333815943
6013,16.702778,0.14829283239321356,3.7741997692961924,7.526326675883826,127.0437643450101
6014,16.705556,0.14736956814285662,3.776152424362257,7.51443793779686,127.05116507359456
6015,16.708333,0.15340626301244775,3.772579690377583,7.512825933516453,127.05609754452048
6016,16.711111,0.44639668698213164,4.4518329619885435,7.122455571950805,127.05784706360949
6017,16.713889,0.7421748376870667,5.126051309397317,6.7399066481854035,127.05959520094076
6018,16.716667,0.7444604534012296,5.120239862169008,6.745498469188458,127.06818834700353
6019,16.719444,0.7488646312360423,5.116400661761748,6.753584467558024,127.06724327325553
6020,16.722222,0.7532722914980301,5.1125596548343815,6.7616761001315915,127.0662985795331
6021,16.725,0.7507131431527547,5.116161761491718,6.752427157376733,127.07115260415726
6022,16.727778,0.7486427082777798,5.112729703264666,6.7560896539790605,127.07302672554111
6023,16.730556,0.7465726814881446,5.109297704323767,6.759752397786745,127.07490149274305
6024,16.733333,0.7352397976772185,5.103934197770743,6.765424816988666,127.07390378601833
6025,16.736111,0.4498207542302666,4.991556643685582,6.766912161540095,127.07691395120311
6026,16.738889,0.16487565087425793,4.878021689826092,6.768398029383533,127.07992518900885
6027,16.741667,0.15984641426427793,4.879307869024597,6.771723415083674,127.08472977495636
6028,16.744444,0.15769745873504704,4.879608097814851,6.7721308074122,127.08468451812841
6029,16.747222,0.15554936489365723,4.879908665610422,6.772539206638882,127.08463894759832
6030,16.75,359.5860323164478,3.565096022446145,7.521789302532859,127.08345167945258
6031,16.752778,359.4539706016627,3.494917659017183,7.545783005736293,127.07375990663606
6032,16.755556,359.3218884951825,3.424638617906451,7.569776657246667,127.06406738538941
6033,16.758333,359.8920453065258,4.7606219917272,6.816485515228248,127.06117337856169
6034,16.761111,359.61894977519137,4.095919340374353,7.204309718522062,127.06339710156665
6035,16.763889,359.3491596848484,3.4269163289041042,7.59971672800566,127.06562905072009
6036,16.766667,359.53247103693946,3.8811352515996145,7.360559906884056,127.05757916581665
6037,16.769444,359.71704169220703,4.332930286259472,7.125078641132902,127.04953677054984
6038,16.772222,359.9030145530293,4.782697641174034,6.893042475257456,127.04149608695614
6039,16.775,359.9201139978775,4.786514838675689,6.8930076325485174,127.03854812419583
6040,16.777778,359.9175478149739,4.783975684332043,6.899282106305137,127.0359943680446
6041,16.780556,359.9149809280366,4.781434754132325,6.905557141870322,127.03344121841322
6042,16.783333,1.1169277244233964,5.3349511179372975,6.928339564394605,127.031762515534
6043,16.786111,2.318725430531355,5.880310464069652,6.951126368631261,127.03009354152628
6044,16.788889,3.519997134020848,6.417405674306561,6.97390934050534,127.02843490639073
6045,16.791667,3.648076754995925,6.474443331688093,6.982886251383736,127.01975744913919
6046,16.794444,3.2806279083733223,5.806671132034948,7.337030120778508,127.02409673559164
6047,16.797222,2.91601002293603,5.134674861440853,7.698249910346625,127.02843783563038
6048,16.8,3.0756326005969115,5.205168230301689,7.708923084571687,127.02322208418066
6049,16.802778,2.9951669921573334,5.170734735205885,7.716147446717475,127.02466149731974
6050,16.805556,2.9146983698606483,5.136292627002446,7.723371150830985,127.02610100013656
6051,16.808333,2.9232352351721644,5.13225975721523,7.704936114789501,127.00449951408977
6052,16.811111,3.273228876617427,5.801614617970156,7.35581390422449,127.0076038912478
6053,16.813889,3.6261088611958083,6.466698643610297,7.013843280961236,127.0107083170082
6054,16.816667,3.4485830109022597,6.048291299841196,7.2587933019341975,127.02083787995052
6055,16.819444,3.272306459180024,5.62810007257678,7.506773355039265,127.03096608022507
6056,16.822222,3.0971447703365396,5.205759549026503,7.758017345021603,127.04110020536599
6057,16.825,3.0487524089706906,5.175431238429173,7.770761476009373,127.04263378366961
6058,16.827778,3.0733827069722643,5.184598330783283,7.7780138792896025,127.04495225474408
6059,16.830556,3.0980123511800706,5.193764741097679,7.785265787233612,127.04727209180548
6060,16.833333,3.0980847610711475,5.201906598490218,7.782173911178258,127.05076297237848
6061,16.836111,3.0981570167892656,5.210049903490006,7.779082030207551,127.05425585282414
6062,16.838889,3.0982290922103353,5.218191723522134,7.7759912580979496,127.05774947571713
6063,16.841667,3.129267265912514,5.240634569117715,7.77244049310335,127.06463006395886
6064,16.844444,3.1368540275800783,5.24844284050033,7.7844369048406925,127.06674709866316
6065,16.847222,3.1373853474126054,5.274863390201224,7.766102914246357,127.07182702899307
6066,16.85,3.155359484382444,5.3003121796071735,7.758417310534735,127.07722648644425
6067,16.852778,3.173333363608533,5.325757983352327,7.750735093454736,127.08262737344215
6068,16.855556,3.144080494076894,5.316479519853733,7.756254884248051,127.07087623304558
6069,16.858333,3.1443798359387163,5.319739775930833,7.7599886403568235,127.06860735334264
6070,16.861111,3.1446805950126766,5.3230019464448315,7.763724019276506,127.06633843267223
6071,16.863889,3.1240524462744297,5.31923871308609,7.761356140093717,127.07050953679443
6072,16.866667,3.1034244662677217,5.315478052553326,7.758986842670332,127.07467904921238
6073,16.869444,3.0828040811023723,5.311721317684951,7.756616980712749,127.07884547003768
6074,16.872222,3.62853552016791,6.554391036710937,7.07481640231228,127.08977967567749
6075,16.875,3.349082762306667,5.93105545874937,7.431642677219731,127.08872326778562
6076,16.877778,3.072206339822456,5.303436953831243,7.795328750371652,127.08766672303243
6077,16.880556,3.0746103070172452,5.296867174603568,7.81712820827229,127.0840555381367
6078,16.883333,3.3403719959922977,5.930708346897731,7.469238015469049,127.07760123447012
6079,16.886111,3.608835310277623,6.560246673027182,7.1283602039369285,127.07114489899966
6080,16.888889,0.5840057608776075,5.1483756261185345,7.138452535335276,127.07341096375141
6081,16.891667,2.0983509350511493,5.859891339105122,7.156816902508034,127.06733195428019
6082,16.894444,3.609341310500879,6.562683332223928,7.175176084166953,127.0612576330095
6083,16.897222,3.424100224742645,6.144314678262477,7.415315569555897,127.06473696788167
6084,16.9,3.240082487451833,5.724038831088263,7.658587023454011,127.06821572663007
6085,16.902778,3.0572803135758555,5.3017910509273065,7.905047399717645,127.07169390807617
6086,16.905556,0.016783087832033416,3.8926069681695363,7.899444834574002,127.08125834042134
6087,16.908333,1.578562233609352,4.643116899964323,7.892982430394994,127.08824805635724
6088,16.911111,3.137900460129023,5.385531643182819,7.8865163635610465,127.09524031697914
6089,16.913889,3.1275653060944073,5.396746580940171,7.8794909339231225,127.09511359304527
6090,16.916667,3.0953503780521157,5.422527428772687,7.839453652020492,127.11388489833392
6091,16.919444,3.0631432096496116,5.448286456656177,7.799445493955325,127.13264970596641
6092,16.922222,3.085458456581966,5.477517251941215,7.790746523542595,127.1339468215066
6093,16.925,3.1077744189134044,5.506750356979531,7.7820485575364735,127.13524490013215
6094,16.927778,3.1300910968563276,5.535985769160687,7.7733515977073715,127.1365439419409
6095,16.930556,3.106185858474797,5.531997146689735,7.771115958183785,127.14380948991409
6096,16.933333,3.1137362815803673,5.550608124728743,7.762108110872344,127.14539434668576
6097,16.936111,3.121289445684141,5.569222703711519,7.753100812826105,127.14697947400298
6098,16.938889,3.1174127091538235,5.54636150145657,7.796076338352112,127.1296678583248
6099,16.941667,3.1135366582418396,5.523516652771473,7.839043546732842,127.11234885095227
6100,16.944444,3.109662687627397,5.500696357541315,7.881986985346792,127.09502869478946
6101,16.947222,3.062975136623626,5.471578874462242,7.885806216760336,127.09512114683476
6102,16.95,3.327835268270608,6.087541059955582,7.550531796627574,127.09030562771729
6103,16.952778,3.5952626169929367,6.699188853983344,7.222140653292797,127.08548876506639
6104,16.955556,3.5582949285309198,6.670988535341522,7.237825226532685,127.08057824466188
6105,16.958333,3.5300958307353465,6.653603075217566,7.246081869031443,127.08081127079218
6106,16.961111,3.5018865880463874,6.63621312567917,7.25434177374915,127.08104424715783
6107,16.963889,3.4902855145935927,6.625178804398519,7.259978971264879,127.08090224435865
6108,16.966667,3.4786847342488283,6.614144914833208,7.265616056218054,127.0807602656373
6109,16.969444,3.467088423105574,6.603115428965106,7.271250999514802,127.08061836208729
6110,16.972222,3.2844771917505042,6.179745216738938,7.501605873921907,127.08273562361283
6111,16.975,3.1030780198285655,5.754452212250197,7.735095352443189,127.08485282839986
6112,16.977778,2.922883466642409,5.327173452799647,7.9717749573654615,127.0869699764386
6113,16.980556,2.939517409271529,5.330637006111148,7.969960988240398,127.08820135057668
6114,16.983333,2.9561449936882376,5.334099491242638,7.968147652909959,127.0894323058542
6115,16.986111,2.9727781936812328,5.3375634018791125,7.966333645406937,127.09066372880552
6116,16.988889,2.9745855329403046,5.334042294428089,7.9660166542802,127.07894224123812
6117,16.991667,2.976392475180827,5.330521049225325,7.965699778123113,127.06720479018061
6118,16.994444,2.978198370168146,5.327000933892041,7.965383130940012,127.05545558247168
6119,16.997222,2.97278421136987,5.313677558040959,7.957776395190766,127.05590159845632
6120,17.0,3.0045330685524565,5.329263258111434,7.93150388449039,127.06789303523654
6121,17.002778,3.0048712149306898,5.317259546711869,7.936996745740203,127.06970825229443
6122,17.005556,3.005208593922003,5.305255483707606,7.94249000983368,127.07152311287719
6123,17.008333,3.00554508452586,5.29325539066946,7.947981698827743,127.07333696398366
6124,17.011111,2.9834738322968093,5.270290195857763,7.952829421471481,127.08284156302604
6125,17.013889,2.9614026342561086,5.247325606316059,7.95767732492147,127.09233834489125
6126,17.016667,2.9393314926685434,5.224361624528539,7.962525408958324,127.10182732268198
6127,17.019444,2.8885806249752672,5.182119519221683,7.968829337531787,127.10512556619723
6128,17.022222,3.1651601510581813,5.841256642053997,7.5882897688860425,127.10452930481058
6129,17.025,3.4444203880406867,6.495550764290096,7.215274135828999,127.10393370423002
6130,17.027778,3.4530912449955853,6.491657543310248,7.218287926055968,127.09746353186789
6131,17.030556,3.461762716888236,6.487764797043424,7.221301137026785,127.09099360533624
6132,17.033333,3.4704316816329808,6.483873926477074,7.224312684408758,127.0845262537779
6133,17.036111,3.4735520007811225,6.476480994680376,7.227949876092094,127.08215199421626
6134,17.038889,3.464321774323688,6.46385026509787,7.224765829053197,127.08271547501407
6135,17.041667,3.455091212419285,6.451219310057116,7.221581289149686,127.08327988686732
6136,17.044444,3.453327935474853,6.437260340332982,7.226710834805406,127.0812440545843
6137,17.047222,3.4515687009908476,6.423296243745346,7.231842746677497,127.07920729790091
6138,17.05,3.449814148473463,6.409332047382161,7.236975177744796,127.07717034984883
6139,17.052778,0.5901695232863577,5.083842809046487,7.235838015069724,127.09398360442684
6140,17.055556,0.2943417652638285,4.38608865653973,7.621297994976313,127.0903964126433
6141,17.058333,0.001657843712123963,3.683514705540432,8.014727132452126,127.08681168454753
6142,17.061111,0.004964596916225972,3.6830522850541865,8.015785351894358,127.07396730248364
6143,17.063889,0.008271704553642678,3.6825899270216347,8.016843498150479,127.06110644166638
6144,17.066667,0.011579166683000963,3.6821276314363462,8.017901571227608,127.04822907145096
6145,17.069444,0.012727767694583392,3.6787823738296197,8.022060412532031,127.04719940909591
6146,17.072222,0.008052972606032327,3.666900776669145,8.038659823119442,127.03658613663079
6147,17.075,0.003378207101979669,3.6550195782618324,8.055261262514712,127.02597010260017
6148,17.077778,0.00468710401560557,3.645981865245105,8.050795349259108,127.03942290970728
6149,17.080556,0.0027206303755704653,3.6308480634114524,8.06962757412698,127.03521231047243
6150,17.083333,0.0007549772671477939,3.6157188298653598,8.08845350856254,127.0310035833278
6151,17.086111,0.20074137350944987,4.086687656390714,7.826537560389479,127.03670415498466
6152,17.088889,0.4020767252647133,4.555334665144917,7.5682921858531635,127.04238934619964
6153,17.091667,0.6047694830252279,5.021731609557133,7.313654081764927,127.04805918338924
6154,17.094444,1.5547584895794078,5.466133508250335,7.318760618856999,127.04610888415907
6155,17.097222,2.5039681058222154,5.90700706834712,7.32386927485711,127.04415797879433
6156,17.1,3.451989346524737,6.344184298146109,7.328978210993725,127.04220716961338
6157,17.102778,3.510973350549749,6.383180190070453,7.3113529290798205,127.04756657071316
6158,17.105556,3.4867493118601,6.387847910946423,7.292241763231022,127.0590120545774
6159,17.108333,3.4625307213043364,6.392518036893,7.273134713049778,127.07045211388144
6160,17.111111,3.451577818020395,6.384457013816739,7.273391910012524,127.07104220587966
6161,17.113889,3.4406249183216246,6.376396123714839,7.273649079657954,127.07163234531804
6162,17.116667,3.429672022601112,6.368335366983606,7.273906221979804,127.07222253219952
6163,17.119444,3.4204648064329177,6.373459351398626,7.271180780966272,127.0702678884267
6164,17.122222,3.4112534625986406,6.378584913684245,7.268454625418837,127.06831249424114
6165,17.125,3.4020413069822037,6.383710208609264,7.265728736852697,127.06635705350475
6166,17.127778,3.391179698910433,6.381212382909309,7.274221042474906,127.06103802140798
6167,17.130556,3.38031757108738,6.378714590927052,7.28271541977028,127.05571807840654
6168,17.133333,3.369458834168883,6.376217731784614,7.291208810298421,127.05039914025478
6169,17.136111,3.350534746739733,6.382818512212115,7.263713173925574,127.07341646273532
6170,17.138889,3.327158129764838,6.376917643361949,7.2665655245925755,127.04996279865053
6171,17.141667,3.303782151356117,6.37101777893384,7.269417751861884,127.02647567564553
6172,17.144444,3.2506413204136066,6.358440608655346,7.261958710538117,127.02556688487947
6173,17.147222,3.2700399842584105,6.375537438842388,7.255150600143917,127.02636224061139
6174,17.15,3.289438043513231,6.39263421157372,7.248342558902326,127.02715795139854
6175,17.152778,3.241671838689733,6.379235606769942,7.249781700526704,127.05648442183089
6176,17.155556,3.2532647736270945,6.3871749782215925,7.25114992607039,127.03326296977745
6177,17.158333,3.264853489013939,6.395111531347277,7.252517914126486,127.01001439333523
6178,17.161111,3.2458160009680928,6.401205616295277,7.23860058458656,127.03036364233238
6179,17.163889,3.2267775584869707,6.407296578033513,7.224685450399804,127.05068056814825
6180,17.166667,3.2520091860702447,6.404250951045311,7.2445211208165325,127.03484413898967
6181,17.169444,3.272438406677008,6.418176724417101,7.2483432088349,127.03433118647736
6182,17.172222,3.2928741894535385,6.432107796077027,7.252166278810467,127.03381844207557
6183,17.175,3.274090878287925,6.426154312659561,7.243989325187037,127.03794145873046
6184,17.177778,3.2553057483728107,6.420200810111918,7.235812387114173,127.04206418754491
6185,17.180556,3.2365188004986063,6.414247288826687,7.2276354645640595,127.04618662840561
6186,17.183333,3.291116186611646,6.4782710094437554,7.1845781399366935,127.05371731270041
6187,17.186111,3.2877808442045833,6.487760975396718,6.9549313386700184,127.17304508543332
6188,17.188889,3.284445360221005,6.497259739433151,6.7260358837298995,127.2923366930457
6189,17.191667,3.2953028213164703,6.484381424017551,6.886676431399657,127.20924853416518
6190,17.194444,3.306158036919795,6.471516779104336,7.047596513855954,127.12615028417837
6191,17.197222,3.317018825387674,6.458656536578067,7.208911388893167,127.04298485396355
6192,17.2,3.327225250330299,6.4614788737514814,7.204619491682362,127.04512357461017
6193,17.202778,3.3374325078579368,6.464302676969405,7.200328051723034,127.0472633172922
6194,17.205556,3.3476405979776036,6.467127946218858,7.196037069426783,127.0494040811928
6195,17.208333,3.3400047466873506,6.456493485288528,7.198864236614035,127.04739998091911
6196,17.211111,3.0508834058674985,5.747485516499745,7.602069291854601,127.04668536797008
6197,17.213889,2.764693112184835,5.03303837218521,8.01363617159734,127.0459708797194
6198,17.216667,2.792541124810352,5.042710261295806,8.012802211198593,127.04520718680224
6199,17.219444,2.8203794703420435,5.052379586151277,8.011968248298686,127.04444382079303
6200,17.222222,2.8482281946163486,5.06205330960649,8.011133682301168,127.04368023193764
6201,17.225,2.821457521222099,5.048142339680503,8.0038182801139,127.04863287934022
6202,17.227778,1.2581609574339492,4.322477549980638,7.997878427082199,127.04954281172148
6203,17.230556,359.69205949329523,3.5882921246718453,7.991937788487327,127.0504530146073
6204,17.233333,3.464804751670407,6.497282831979666,7.161788525105475,127.05140477793417
6205,17.236111,3.138958212303267,5.77928636379556,7.555077715405961,127.04711687105457
6206,17.238889,2.8159749673913392,5.0562968887645745,7.9562243263161925,127.0428288949259
6207,17.241667,2.8581692458273267,5.094427391883938,7.930350946917493,127.04954829906133
6208,17.244444,3.1645438742809056,5.770050181784333,7.546898950076262,127.0450276495206
6209,17.247222,3.473747755133111,6.441157971697942,7.170783286608053,127.04050621368206
6210,17.25,3.4169852265001612,6.414395609106808,7.1560599507306755,127.05075770665702
6211,17.252778,3.426657070861461,6.409080175203108,7.162552438781372,127.05106454821937
6212,17.255556,3.4363290405033435,6.403765762189613,7.169044095516398,127.05137138080154
6213,17.258333,3.4282135126100233,6.395586810239848,7.168354481777339,127.04913117303134
6214,17.261111,3.424771907123638,6.384960364788345,7.1759126827762785,127.04719232422592
6215,17.263889,3.4213296681111327,6.374333161100079,7.183471006204961,127.04525360436953
6216,17.266667,3.4185567864128608,6.369005050785132,7.178364095522447,127.04668206165157
6217,17.269444,3.4225235646764958,6.370566775598569,7.186816722494772,127.04214134078457
6218,17.272222,3.426491855799906,6.372129246759425,7.195272108394736,127.03759950244019
6219,17.275,3.220760293503666,5.923338813885593,7.446962022324534,127.02387115714056
6220,17.277778,3.016305089349432,5.472411626460289,7.702064639533194,127.01013059935788
6221,17.280556,2.813118892592872,5.019279360767134,7.960640932980869,126.99637780832118
6222,17.283333,2.92948898037746,5.071899245543557,7.975868059168963,126.99601031816663
6223,17.286111,2.934830613389181,5.067645875253319,7.981859474971479,126.99815100490837
6224,17.288889,2.9401714803958114,5.06339203486851,7.987851370392573,127.00029176224204
6225,17.291667,2.9263018334658284,5.05902353576983,7.989740818004211,127.00341122403869
6226,17.294444,2.912437486543366,5.054656293277191,7.991629404778372,127.00652953497156
6227,17.297222,2.89856845474959,5.050287162201691,7.9935184908308266,127.00964894069126
6228,17.3,2.768272608363846,4.997379667035213,7.9931467942676235,127.0120081937629
6229,17.302778,2.769491794180169,5.000549432430082,7.997641687561153,127.03289726590482
6230,17.305556,2.7707109501128553,5.003719091155496,8.002137108557086,127.05374188011741
6231,17.308333,2.7687374578218673,4.991652938489761,8.023388760872823,127.04203426917836
6232,17.311111,2.7896080089590782,5.01126786127109,8.020778203021372,127.04481882858467
6233,17.313889,2.8104779736012855,5.030881540933294,8.018168812262946,127.04760264008893
6234,17.316667,2.933003854502198,5.071890723612217,8.069641367694818,127.02767103121631
6235,17.319444,3.521884474766571,6.4334332112456245,7.303459636599321,127.02496949481748
6236,17.322222,3.522094325367476,6.398834339116801,7.37956115724063,126.99579058154693
6237,17.325,3.520798601776999,6.403232039557473,7.3821667273994755,126.99478557349543
6238,17.327778,3.5195030247964567,6.407629923709891,7.384772460227495,126.99377956345764
6239,17.330556,3.49149677282656,6.401925019464404,7.391137635993932,126.99309657005453
6240,17.333333,3.4939632788139203,6.402977447869846,7.402807614509875,126.98838046285816
6241,17.336111,3.49643085470305,6.404030386224955,7.414481502716463,126.9836628349858
6242,17.338889,3.484180355454706,6.424634385903563,7.371215173379344,127.00314414937343
6243,17.341667,3.198043849509059,5.746151839493368,7.771721504831117,127.00102999376175
6244,17.344444,2.9145626567508813,5.063089474709127,8.179459496925936,126.99891854781318
6245,17.347222,2.8962506457787,5.056053730412929,8.180338697289251,126.98944168286407
6246,17.35,2.9193036155769843,5.058780557474142,8.205092693293391,126.97866748875519
6247,17.352778,2.942354481231117,5.061509682246115,8.229847213500399,126.9678898939949
6248,17.355556,2.7978232755173007,4.988242936209428,8.23157518230856,126.96516376022446
6249,17.358333,2.786720858074375,4.9878529569822145,8.23090546333859,126.96494109789587
6250,17.361111,2.775614348934983,4.98746329329378,8.230235081305146,126.9647187967518
6251,17.363889,2.7941070373421883,5.007032704666955,8.221393890012035,126.93190666635063
6252,17.366667,2.7846018225446247,5.00895754940481,8.207012430880344,126.9369033969282
6253,17.369444,2.7751002453673426,5.0108816779071645,8.192636683947256,126.94189816831944
6254,17.372222,2.8706969743225006,5.059869325368371,8.19956936994084,126.97838441645511
6255,17.375,2.8140247081306207,5.041624267922133,8.181988360208084,126.98181256030968
6256,17.377778,2.7573479459790864,5.023391006099894,8.164408751912639,126.98524159627975
6257,17.380556,2.8471442829308025,5.081351167903202,8.151980055702893,126.99080147266476
6258,17.383333,2.81921392246206,5.072121033475364,8.146996426357237,126.99219874656409
6259,17.386111,2.7912728201527788,5.062886693679804,8.142011481189847,126.99359663904856
6260,17.388889,2.7671681259682277,5.058537250117896,8.13493207349595,126.99291194848188
6261,17.391667,2.7510898480154378,5.049170599360101,8.135376326513054,126.99459020300795
6262,17.394444,2.735017577454334,5.039807736111717,8.135820504879312,126.99626785665588
6263,17.397222,2.7347423988292494,5.036370503299846,8.138055339577697,126.99477785039709
6264,17.4,2.734467649275306,5.032933649380638,8.14029027900117,126.99328770275527
6265,17.402778,2.734193328739128,5.029497174307348,8.142525323162829,126.99179741372042
6266,17.405556,2.7662602755642975,5.037215144243971,8.153779945816833,126.99053783042628
6267,17.408333,2.767490633625206,5.033222353856251,8.156630378516798,126.98891685909028
6268,17.411111,2.7687216165286817,5.029228281301078,8.159481823377206,126.98729542693773
6269,17.413889,2.7376438315162037,5.0042385752169505,8.186368672060627,126.98779387047425
6270,17.416667,2.7260408995246213,4.996589136658676,8.188965880188768,126.98323665638334
6271,17.419444,2.7144424678872614,4.9889429104020895,8.191562558237653,126.97868073783691
6272,17.422222,2.739341810236022,4.995140674138323,8.215445299909916,126.93737918263041
6273,17.425,2.7438111003850096,4.9943651441672845,8.221085361738112,126.93406727375391
6274,17.427778,2.7482811537967944,4.993589813031434,8.226725682655129,126.93075572165621
6275,17.430556,2.7499650061688445,4.997460350560374,8.229398307299864,126.92973222512613
6276,17.433333,2.751648325371571,5.001329580416453,8.232069737765116,126.92871018589985
6277,17.436111,2.753332323708804,5.005200289097347,8.234741897743142,126.92768886822186
6278,17.438889,2.759650375465643,5.009906642246722,8.24197625440111,126.93153915877751
6279,17.441667,2.765968560629114,5.01461278714171,8.249208952341768,126.9353944347139
6280,17.444444,2.7722846045044474,5.019317029690772,8.256437387998929,126.93925330446969
6281,17.447222,2.7830410662958425,5.023954526724477,8.25816884255422,126.94202550615317
6282,17.45,2.7937978988292027,5.028591587464433,8.259899979460307,126.9447996729072
6283,17.452778,2.804555100949445,5.033228211804623,8.261630798613925,126.947575804372
6284,17.455556,2.8171617437617886,5.036721614039726,8.26306523927824,126.95491928648967
6285,17.458333,2.829644495653927,5.044290159513801,8.262915029341507,126.97351708832063
6286,17.461111,2.8421309745870094,5.0518628327432715,8.262761898164218,126.99207980275789
6287,17.463889,2.8392679498922675,5.051231814109286,8.266816074376372,126.99183588743018
6288,17.466667,2.8364048202822527,5.050600739061339,8.270869483202194,126.99159232528204
6289,17.469444,2.833542616498274,5.0499698348133375,8.27492066582521,126.99134920374225
6290,17.472222,2.79800523766124,5.075052251972123,8.219784721326295,127.00573951911888
6291,17.475,2.7903883052398903,5.0752332227436785,8.22219733057781,127.00171678889559
6292,17.477778,2.782771051792343,5.075414199536388,8.22461016429931,126.9976940821107
6293,17.480556,2.774275497920433,5.067772669319034,8.230477117935166,126.99920615002135
6294,17.483333,2.76578316160405,5.060134052669941,8.236341965887771,127.00071778820733
6295,17.486111,3.316817168584219,6.361366200563138,7.488285702059276,127.00266187429598
6296,17.488889,3.2905284847254137,6.342563756737841,7.4948982716777905,127.00224872788719
6297,17.491667,3.264238389782834,6.323760243928524,7.501511219744586,127.00183547361799
6298,17.494444,2.7369812208748776,5.058947014218077,8.21866777869164,126.96833041646654
6299,17.497222,2.969583422727162,5.676000599872912,7.8486416133463095,126.96947729537489
6300,17.5,3.204206674471182,6.288585485662296,7.485107436611514,126.97062407493674
6301,17.502778,3.1986449387062272,6.283400069195016,7.489687139149169,126.9703024613852
6302,17.505556,3.206326252434188,6.29009847448355,7.48521588379602,126.96815132797578
6303,17.508333,3.214006154070576,6.2967936007712755,7.480748380347926,126.96600055383279
6304,17.511111,3.1783537913621736,6.275652228566884,7.487947720763501,126.96293836284953
6305,17.513889,3.176167883928649,6.277228266092708,7.485074352828029,126.9598784369973
6306,17.516667,3.1739823323683236,6.278804421126104,7.482201558533497,126.95681813330931
6307,17.519444,3.20141653641185,6.2890075829846595,7.483981194199615,126.95833822070618
6308,17.522222,3.2079371428696426,6.29726535133314,7.479419770610132,126.96001073388327
6309,17.525,3.2144568807784157,6.3055227571737404,7.474858701910634,126.9616824295607
6310,17.527778,3.0211465410347262,5.861947620900793,7.743465984267267,126.9481486420397
6311,17.530556,2.828895066441776,5.416712071940438,8.014796002572293,126.93461041110778
6312,17.533333,2.637766757029153,4.969938312463849,8.28878424575904,126.92107261575187
6313,17.536111,2.681752657054787,4.977100082227908,8.299900970433821,126.92082880438586
6314,17.538889,1.213735080579637,4.298249271382419,8.304300480602443,126.91978222911148
6315,17.541667,359.7433694274267,3.6117153974933416,8.308699268938025,126.9187372137889
6316,17.544444,359.11082848434637,3.3489563344456563,8.315280504489248,126.91435530246348
6317,17.547222,0.933295061182756,4.18460381691642,8.316569203121748,126.91647305401706
6318,17.55,2.754647572263883,5.002066284005226,8.317857731825516,126.91859084775201
6319,17.552778,2.7490334488549095,4.9983895578147255,8.313964423555419,126.91970549958499
6320,17.555556,2.743419242559945,4.994712932390469,8.31007102009287,126.92082012590241
6321,17.558333,2.737806974747908,4.991037731477709,8.306178923071343,126.92193432547644
6322,17.561111,2.7415366274973376,4.9878134872129145,8.30769579667351,126.92156732400706
6323,17.563889,2.7372045680527624,5.005308529784747,8.260395318895817,126.940000181212
6324,17.566667,2.7328731667762316,5.022821201316361,8.213080668768491,126.95843065741256
6325,17.569444,2.7408327005895483,5.051998272723459,8.178149624309395,126.96669309110656
6326,17.572222,3.0171965259905367,5.681053785183806,7.813451183298451,126.96545666817745
6327,17.575,3.2957617216838795,6.305800519826644,7.455259077892471,126.96422019564936
6328,17.577778,3.3208979134260375,6.310636422697554,7.446963995064809,126.96341533533756
6329,17.580556,3.30211348124641,6.299398050154249,7.45040592800952,126.96069237375978
6330,17.583333,3.2833366837544986,6.288165161215309,7.453846018269452,126.95797088222692
6331,17.586111,3.297007805640499,6.285081834519422,7.453443686508713,126.96015912105493
6332,17.588889,3.310678220537447,6.281998549217828,7.453041278646406,126.96234739481993
6333,17.591667,3.3243479258387936,6.278915305318323,7.452638794683757,126.96453570352337
6334,17.594444,3.3274419013448533,6.268743424604239,7.493725928333731,126.97560871099599
6335,17.597222,3.3285800046868044,6.268999494716994,7.473157051961074,126.97270794233357
6336,17.6,3.3297179250541156,6.269255552600397,7.452577436809971,126.96981836890858
6337,17.602778,2.7933220211705994,5.007024520409166,8.164935086109967,126.97060056627468
6338,17.605556,2.790443604741867,5.000189368203431,8.161850643811238,126.97540088911394
6339,17.608333,2.787565051630409,4.993356220924374,8.158767364294889,126.98019929073233
6340,17.611111,2.816580392992231,5.004456996175694,8.159692860164224,126.98230966716942
6341,17.613889,2.8084848621313583,4.996104305741639,8.157748896583382,126.98914204175632
6342,17.616667,2.800388180736384,4.987750745121305,8.155804735644992,126.99597371650849
6343,17.619444,2.8066907780703456,4.986317689019973,8.153319608959375,126.9983570295583
6344,17.622222,2.812994653774318,4.984884004054766,8.150833724237081,127.00074129950228
6345,17.625,2.8192975377194465,4.983450206276439,8.14834797639207,127.00312566814027
6346,17.627778,2.827152157968662,4.982855391624,8.13150970331677,127.00882274824981
6347,17.630556,2.8336102884211467,4.983755909109831,8.126970365063091,127.013022264649
6348,17.633333,2.840066332677795,4.98465573676145,8.122433155511281,127.01722016717123
6349,17.636111,2.872885391401848,4.997227135193464,8.117019855675661,127.01765518753838
6350,17.638889,2.905704407439009,5.0097974531999085,8.111607456612074,127.01809038178278
6351,17.641667,2.93852336948256,5.022366690677398,8.106195958269137,127.01852574995236
6352,17.644444,2.9036501519847633,5.008558869913715,8.106885896930972,127.0180166126407
6353,17.647222,2.869784806409063,4.990547811506092,8.099250856831997,127.02071886234488
6354,17.65,2.8856356685374056,4.994353036599371,8.105728814312005,127.01994310238108
6355,17.652778,2.9014859623284934,4.998158016851848,8.112206553154639,127.01916771435585
6356,17.655556,2.9173356866540523,5.0019627522604875,8.118684073183015,127.01839269831792
6357,17.658333,2.9146185072437767,5.001694967124381,8.124673810275716,127.03049602522806
6358,17.661111,2.9119002640662863,5.001426241981616,8.130666239624272,127.0425766887973
6359,17.663889,2.9091819356073714,5.001156673330712,8.13665920363815,127.05463037012954
6360,17.666667,2.8987706901387504,4.991422523921525,8.149684955250603,127.02086591264187
6361,17.669444,2.9305604071490077,5.008040600663243,8.157730709626843,127.03640486169867
6362,17.672222,2.962358790451608,5.024662871478224,8.165780955566419,127.05189302900804
6363,17.675,2.9667237065682848,5.023888904610693,8.180838493599769,127.04863207798529
6364,17.677778,2.971091324985098,5.023115084966026,8.195896485668477,127.04537215750567
6365,17.680556,2.9754616468857265,5.022341412530849,8.210954928927645,127.04211326915286
6366,17.683333,2.934381472334991,4.967295700024712,8.253113827284338,127.04299540017051
6367,17.686111,2.940844797411323,4.999058026401379,8.237679174989566,127.04210496822019
6368,17.688889,2.947309155782957,5.0308138374889815,8.222252810578887,127.04121330143995
6369,17.691667,2.9430226318477217,5.026434302654726,8.243457942924632,127.03411200954316
6370,17.694444,3.2158922572250432,5.649317165214757,7.90288770383237,127.03670810634186
6371,17.697222,3.491158694696079,6.2683610697976615,7.5685581744285315,127.0393064244631
6372,17.7,3.4711650944801775,6.270017430992398,7.592521101374121,127.03078239586601
6373,17.702778,3.4511713723955673,6.271671615140519,7.616491623471383,127.02226540164814
6374,17.705556,3.4311775299443816,6.273323622543376,7.640469721084919,127.0137554631773
6375,17.708333,3.36216803539525,6.23978743759082,7.662045522383647,127.00822333299242
6376,17.711111,3.0704001149317577,5.6522582871856635,8.000506065871122,127.00841107407923
6377,17.713889,2.7809670327819482,5.061129939388605,8.344900810693385,127.00860141122847
6378,17.716667,2.8107497802969323,5.087735926390023,8.351801969772904,127.00666995493056
6379,17.719444,2.8132989354427114,5.093930485670111,8.370081408960797,127.00643394645773
6380,17.722222,2.8158486289687747,5.100126754968819,8.388365421472038,127.00620245259309
6381,17.725,2.8016181693575124,5.095677051466199,8.40218600839582,127.00300184824447
6382,17.727778,2.7994444535652576,5.104726563425711,8.415559005154783,126.99898689849239
6383,17.730556,2.797271190114767,5.113775717697397,8.428931050130569,126.99497345519141
6384,17.733333,2.7907493679782522,5.112509312396721,8.453219354795632,126.95244663317213
6385,17.736111,2.7822506004433247,5.1259157690913515,8.450575488064434,126.95122421017503
6386,17.738889,2.773752320740817,5.13932139670448,8.447933094569827,126.94999926315207
6387,17.741667,2.8042955104697214,5.165480784909349,8.453824082590451,126.98117266477563
6388,17.744444,2.829827968111985,5.1843568130300035,8.46084406690209,126.96185479357997
6389,17.747222,2.855369076057938,5.203243484492626,8.467866534807367,126.94251477380259
6390,17.75,2.8462382049544974,5.210987636039807,8.467946280550272,126.95330444051304
6391,17.752778,2.8371072703438536,5.218731641500423,8.468026130088393,126.96406910511426
6392,17.755556,2.827976272470087,5.226475500352084,8.468106083405754,126.97480880901098
6393,17.758333,2.8333502008795115,5.250188120254128,8.455572536945592,126.98261767640786
6394,17.761111,2.838726079167733,5.273905709478713,8.443038260265986,126.99042697979958
6395,17.763889,2.8441019721474454,5.297619724535512,8.430507771033753,126.99823390532059
6396,17.766667,2.813031896701901,5.29782109337774,8.42116789835044,126.99723562065456
6397,17.769444,2.812502448351786,5.29853112365014,8.438095309332066,126.9916659956999
6398,17.772222,2.811972962827424,5.29924214700892,8.455029868712096,126.98609126270263
6399,17.775,2.81108841043363,5.303082286044324,8.460872434875316,126.98119331681907
6400,17.777778,2.8053920225154503,5.3110839373907,8.4601360453766,126.9828811021127
6401,17.780556,2.7996954159810024,5.3190850591039105,8.459400049607801,126.98456881178096
6402,17.783333,3.3074148851308482,6.470938956364456,7.821130789483963,126.98827216655393
6403,17.786111,3.049923287683809,5.91226237357394,8.132518002402602,126.98823497016572
6404,17.788889,2.794708074351366,5.350097241967719,8.449670495367105,126.988198625419
6405,17.791667,2.8090512119924984,5.3605550131543005,8.456571848762671,126.9857328051127
6406,17.794444,2.8233886836586404,5.3710084252718335,8.463470671320213,126.98326873453179
6407,17.797222,2.8377308147995617,5.381465006632572,8.470371931061194,126.98080463945091
6408,17.8,2.841203038047535,5.382512900649461,8.48279387885432,126.9759768343725
6409,17.802778,2.844675473942008,5.383560849151184,8.495215739243374,126.97115052445734
6410,17.805556,2.8215018266021463,5.337874011445123,8.521324000137486,126.98469251142903
6411,17.808333,2.8631308339148855,5.387703054497413,8.509414459533946,126.95742766958573
6412,17.811111,2.9047732113450255,5.437546364742596,8.497503108817845,126.93011364986485
6413,17.813889,2.9578860214925875,5.4663561854705485,8.50069898540945,126.92911004497337
6414,17.816667,2.925873106851167,5.4221827536399765,8.526766563763882,126.9289070475089
6415,17.819444,2.8938714695709997,5.378016387021255,8.552832835166164,126.9287044476253
6416,17.822222,3.060300672430575,5.4686997450616825,8.537569128613072,126.9252505438822
6417,17.825,3.0318776057170496,5.4584340800990265,8.53303440518199,126.94921816691446
6418,17.827778,3.0034529780800074,5.448168201169025,8.528499314162435,126.97313549390809
6419,17.830556,3.0275897032241357,5.457865135731982,8.53280146497077,126.97129946884694
6420,17.833333,2.9894943415525823,5.434686214029957,8.52988810776758,126.9758695338913
6421,17.836111,2.951381714373028,5.411493967300256,8.5269736107204,126.98044149333315
6422,17.838889,3.021460479865601,5.4278040449940566,8.530754477119508,126.98406906982667
6423,17.841667,3.23474695551276,5.996229524269683,8.196389216285738,126.9866223993963
6424,17.844444,3.4501806880724466,6.5603787697207885,7.868445636639034,126.98917436689895
6425,17.847222,3.4394524793380032,6.5524781659808955,7.864965782369353,126.9913435144495
6426,17.85,3.4287242453256415,6.544577487569969,7.861486044648796,126.99351289255951
6427,17.852778,3.417995986255873,6.536676734658458,7.858006423550844,126.99568250113681
6428,17.855556,3.3934688480059787,6.518683288557689,7.85725567092036,126.99307774498668
6429,17.858333,3.4286544351967407,6.530542990157709,7.857905097617646,126.99068087566094
6430,17.861111,3.4638473323260897,6.542410572341195,7.858554942489903,126.98828298735931
6431,17.863889,3.2784183576387864,6.0983231915740355,8.11294517794827,126.98134723187233
6432,17.866667,3.094155955747878,5.652202285337031,8.370535860456485,126.97441085253674
6433,17.869444,2.9111194598344987,5.204152115025446,8.631283598162593,126.96747634654959
6434,17.872222,2.914580472667769,5.195785023548352,8.631088938118332,126.94344771911703
6435,17.875,2.9180425533527536,5.187417701227149,8.630894496010626,126.91937011661194
6436,17.877778,2.921505701772393,5.179050148042899,8.63070027190566,126.89524342529388
6437,17.880556,2.9275073394224034,5.175112901647317,8.630002331102911,126.89284264549606
6438,17.883333,2.933507320197922,5.171176954813854,8.629304232686401,126.89044247871975
6439,17.886111,2.939509965141646,5.167239472875227,8.628605473787527,126.88804119643201
6440,17.888889,2.9062926882986257,5.077348931041051,8.669734613826861,126.88921031559589
6441,17.891667,2.891333132870514,5.057799392162822,8.670919192555619,126.8855905973724
6442,17.894444,2.8763780049609533,5.038256229369454,8.67210320062108,126.8819717977829
6443,17.897222,2.8793874929335335,5.03282277558154,8.663196332929846,126.88476018422305
6444,17.9,2.8823968200328007,5.027389179687633,8.65429121581246,126.88754887421909
6445,17.902778,2.885405986132726,5.021955441705057,8.64538784973513,126.89033786693592
6446,17.905556,2.8916787798110946,5.0177072523825785,8.630121188859363,126.90247509968178
6447,17.908333,2.8979492581574906,5.013460230791303,8.614857029174082,126.91461553277891
6448,17.911111,2.9042219365082182,5.009211318199323,8.599584378799829,126.9267678988161
6449,17.913889,2.9233707864758838,5.010864248013464,8.60149910414826,126.9307806966737
6450,17.916667,2.955466907471962,5.012110650437821,8.606491992949316,126.9234892873208
6451,17.919444,2.987560132053771,5.013356772889477,8.611483295707192,126.91620007651518
6452,17.922222,3.6042839959318176,6.4089514106570675,7.818449148896185,126.91211206044436
6453,17.925,3.3020899106350843,5.705877654334644,8.218274497384275,126.90201111197165
6454,17.927778,3.002617556834929,4.99785666158642,8.625769086227443,126.89190697278853
6455,17.930556,2.979006284820459,4.974871284739393,8.636196433179258,126.8865819041607
6456,17.933333,2.946194548925476,4.952902482650924,8.638479606513595,126.88549966125667
6457,17.936111,2.913374976748104,4.9309250398441336,8.640763377020996,126.88441675723355
6458,17.938889,2.9128559016668074,4.919816893802416,8.644680508629257,126.88408192593418
6459,17.941667,2.9123379520867143,4.908709537273802,8.648597116480897,126.8837471451432
6460,17.944444,2.911821314043296,4.897606968306107,8.652511790867205,126.88341253535363
6461,17.947222,2.9275113107895177,4.903607750753846,8.646917656859774,126.88465833532145
6462,17.95,2.9279740041250886,4.901918216140828,8.639959088557415,126.88997534702774
6463,17.952778,2.9284399837810664,4.9002328979554175,8.63299942903253,126.8952913997202
6464,17.955556,3.1054576883217635,5.342815946063428,8.375496303434538,126.89247965995519
6465,17.958333,3.2834104841689644,5.783137599735332,8.121187184949733,126.88966893761072
6466,17.961111,3.4624310562844443,6.221564280819454,7.86984414129358,126.88685720842479
6467,17.963889,0.5668030334934606,4.863754984646786,7.865190350432663,126.88783946775298
6468,17.966667,359.97658219250593,4.615266770333067,7.8679223926130994,126.88901570155927
6469,17.969444,1.0935222237512363,5.134797083012348,7.8592674174158255,126.89239328004093
6470,17.972222,2.210097568283535,5.6477301259432835,7.850609968797176,126.89577221257908
6471,17.975,3.3259123292617137,6.153931184653922,7.841953163551995,126.89915128253149
6472,17.977778,3.436538217419221,6.21625661958114,7.841203596864034,126.89552652240012
6473,17.980556,3.3872126571368373,6.18607658560366,7.85096203584121,126.89466056776259
6474,17.983333,3.337899307250092,6.155923314730655,7.860715367570567,126.89379495418875
6475,17.986111,3.342867604322233,6.160228527700172,7.864114111833935,126.86783246350309
6476,17.988889,3.3478357997877453,6.164534017166346,7.867511730088982,126.84189877389493
6477,17.991667,3.3528038936353486,6.168839783171002,7.870908222404928,126.81599383395796
6478,17.994444,3.405641928538934,6.189011581019461,7.880379706760589,126.81045154710161
6479,17.997222,3.426656586142295,6.200245871076138,7.8869533634810125,126.81218794072593
6480,18.0,3.447670093737738,6.211480321476358,7.893525448923672,126.81392445661372
6481,18.002778,3.43390340758215,6.202221579862785,7.910062263119752,126.80650178524284
6482,18.005556,3.4292809668386415,6.200694395295173,7.914631748371889,126.80578753300095
6483,18.008333,3.424660133532578,6.199167553976405,7.919199469982175,126.80507382367476
6484,18.011111,3.4430652720000143,6.207874935176562,7.931429485467504,126.87116484391858
6485,18.013889,3.4133662617719356,6.194788634172168,7.9385113194835135,126.86668151321182
6486,18.016667,3.3836662148383496,6.181702031938126,7.945594349503409,126.86219747306352
6487,18.019444,3.381601621348606,6.181629878082029,7.955774784636251,126.85742268193916
6488,18.022222,2.062708583750968,5.543902435361174,8.01141306218867,126.83059688940217
6489,18.025,0.7417829751103415,4.900035242732525,8.067046617739393,126.80375544810609
6490,18.027778,3.400849546117051,6.156243377686408,8.061244049174544,126.80659665382525
6491,18.030556,2.0794901743414833,5.591513649723661,7.73627220860795,126.98722307841344
6492,18.033333,0.7563989117795273,5.021126949377981,7.412614508223328,127.16717204280467
6493,18.036111,0.7530994374765214,5.026031677704323,7.598289592032028,127.07089410464054
6494,18.038889,0.7498000612697542,5.030936627759965,7.784444126123038,126.9746800861224
6495,18.041667,0.7465007831718999,5.035841799473751,7.971075642573439,126.87853663043477
6496,18.044444,3.346574096602504,6.254926664772682,7.975418301802939,126.88055901331957
6497,18.047222,2.0319695274747005,5.65350628776471,7.972821082071185,126.88650940152449
6498,18.05,0.7152739830963686,5.045923588345788,7.9702226831430245,126.89245778492808
6499,18.052778,0.6990553105101469,5.009640460554699,8.032563129341245,126.8314684913636
6500,18.055556,0.6828364416864279,4.973417555266046,8.094869143599354,126.77049794749097
6501,18.058333,0.6666232156620708,4.9372677180522775,8.157118486378948,126.70956799498269
6502,18.061111,3.311052117946854,6.175473747102901,8.17192281575916,126.71266945998029
6503,18.063889,1.9723816710327942,5.552992920286602,8.185458769856467,126.71037021605532
6504,18.066667,0.631446790099524,4.9241606531315565,8.198994130198866,126.70807294966234
6505,18.069444,1.5121810842107912,5.3375547390948395,8.205980760867078,126.71182279838574
6506,18.072222,2.3923707960002467,5.748367916649585,8.212969758691553,126.71557594758336
6507,18.075,3.2716314114784293,6.156437120501517,8.219958607144573,126.71933104661544
6508,18.077778,0.6121295113296998,4.916427732689357,8.224492501673303,126.71293614848626
6509,18.080556,1.9380981103776413,5.5563370601095965,8.204093024956915,126.7626757815241
6510,18.083333,3.261487667142667,6.189632234356232,8.183702486513674,126.81249858557452
6511,18.086111,2.379921823142201,5.826284459041174,8.100693725761282,126.85136445486476
6512,18.088889,1.4973580178418349,5.460243184773267,8.017603446422232,126.89020797241783
6513,18.091667,0.6138632590552913,5.091524027606258,7.934431391526033,126.92902913501577
6514,18.094444,1.466933183878906,5.502158384690281,7.928529531121679,126.93300985563586
6515,18.097222,2.3194301284544423,5.910229344362762,7.922623636838477,126.93699168410554
6516,18.1,3.1709897880858477,6.315578324329598,7.916715833725469,126.94097318652568
6517,18.102778,3.1581050871691296,6.321247080768488,7.905736250891902,126.9439012401527
6518,18.105556,3.145220090970893,6.326918049753994,7.894754826339518,126.94682896742371
6519,18.108333,3.1323394380916962,6.3325891882553,7.883775514630958,126.94975531461303
6520,18.111111,2.278356605886982,5.889824853496831,7.979451013054174,126.90591694878513
6521,18.113889,1.423612842174748,5.444250629158388,8.075064751016086,126.86203794342258
6522,18.116667,0.5681571727892454,4.995872971965291,8.170616982303088,126.81811831700041
6523,18.119444,1.8873665148481855,5.609023424650536,8.176568858667512,126.81556148307386
6524,18.122222,3.20531856935434,6.215643261463667,8.182523592830748,126.81300376553627
6525,18.125,3.2055380374767815,6.213198330691041,8.18291169006923,126.7877817731843
6526,18.127778,3.205758164890659,6.210753765029988,8.183299854586206,126.76258898991894
6527,18.130556,3.205978951607115,6.208309564522837,8.183688086384993,126.73742536501017
6528,18.133333,3.1970078461698783,6.200725862292451,8.193132397707675,126.73197376254585
6529,18.136111,1.8884657165828145,5.593325682598957,8.191384156869006,126.73489315641483
6530,18.138889,0.5778892413548355,4.978987620359103,8.189636319505006,126.73781264215565
6531,18.141667,3.19126655400469,6.202675604992509,8.165378794659397,126.82334287884863
6532,18.144444,3.165878812940093,6.18181014205706,8.16500553297524,126.82602278294398
6533,18.147222,3.140480268025568,6.160935842102019,8.164632287705626,126.82870375314901
6534,18.15,3.124653093414512,6.1992395545794885,8.06499994977051,126.87265940639487
6535,18.152778,3.10882496627338,6.237658911010289,7.965285390320165,126.91658092318032
6536,18.155556,3.0929958880351034,6.2761942190226705,7.865488332798584,126.96046827393032
6537,18.158333,3.1240755673276634,6.292675020372689,7.836938336615479,126.966048146358
6538,18.161111,2.859065020792446,5.693645765006147,8.14836903490895,126.97642327522759
6539,18.163889,2.5964027723065843,5.090898554521742,8.465864828637638,126.98680041439074
6540,18.166667,3.1474499443725463,6.312844822221141,7.773253486054461,126.98821338441452
6541,18.169444,3.1690526769288567,6.316177206990426,7.763862625005199,126.99174186184483
6542,18.172222,3.1906727930392247,6.3195108792261045,7.754468348584577,126.99527196487493
6543,18.175,3.184303248240596,6.306513529073094,7.754820702935621,126.99679526761129
6544,18.177778,3.1779328028109735,6.293515167732128,7.755173448727842,126.99831855625628
6545,18.180556,3.17156145722417,6.280515795649277,7.755526586002439,126.99984183079481
6546,18.183333,3.1885242253361987,6.269765069035461,7.773708133189306,126.99485131216478
6547,18.186111,3.1751821039455397,6.254285213434711,7.773017112843558,126.99463809492785
6548,18.188889,3.1618403595841826,6.238805407897425,7.772326509568149,126.99442489038209
6549,18.191667,3.1766606376822857,6.228654107926861,7.777413439471399,126.99323405828027
6550,18.194444,3.191478680114219,6.21850647425882,7.782498554997531,126.99204355858875
6551,18.197222,3.2063051555183772,6.208355198725631,7.787585518318455,126.99085253391736
6552,18.2,3.152995545917342,6.1160563801466505,7.828088888056239,126.98395731958375
6553,18.202778,3.1836591253180835,6.049731936994295,7.947802322493828,126.92695670098358
6554,18.205556,3.214327265406588,5.983623130745865,8.067364013035295,126.86989251422081
6555,18.208333,3.221960358425596,5.967625377704174,8.07429707366564,126.869645277575
6556,18.211111,3.361872776039551,6.377799647825304,7.780573039226219,126.87034169503151
6557,18.213889,3.500964668472678,6.789923516073202,7.484076979283451,126.87103826411915
6558,18.216667,3.500757920730269,6.774467031657213,7.481649718453983,126.871235039408
6559,18.219444,3.5005525993364603,6.759016070444783,7.479223140367875,126.87143201750122
6560,18.222222,3.5003485567286337,6.743559505924518,7.476795497464071,126.87162934025251
6561,18.225,3.5084562043449274,6.741178550741955,7.4719281719667485,126.86525915759428
6562,18.227778,3.5165625965564082,6.738797337300102,7.467061116121634,126.85888867169548
6563,18.230556,3.5246677325525297,6.736415865600838,7.462194329936839,126.85251788318295
6564,18.233333,3.482371807145496,6.715711531473808,7.455267199544192,126.85449349017135
6565,18.236111,2.1512043568533574,6.0982144174534305,7.453172342733577,126.84992563685599
6566,18.238889,0.8179950511141598,5.4740130975191175,7.4510775776996745,126.84535714249516
6567,18.241667,0.7986505200378868,5.636773896522351,7.140162431046971,126.99602290986725
6568,18.244444,2.1556480816840864,6.177997186611293,7.304400427038878,126.92149307963889
6569,18.247222,3.5110570841886606,6.713029722174818,7.4684544956875065,126.84684482847992
6570,18.25,3.49026718686698,6.702290372831353,7.466973124460186,126.84834715765389
6571,18.252778,3.5062215577018936,6.711274891844651,7.466335486636673,126.84415322579052
6572,18.255556,3.5221740979899376,6.720258307647516,7.46569907429642,126.83995932947396
6573,18.258333,3.5277632022236496,6.7271381763794,7.463798235115966,126.80978585715964
6574,18.261111,3.533354129722996,6.734019004625962,7.46189802171979,126.77963390828775
6575,18.263889,3.5389448676134307,6.740898314743477,7.459999118615119,126.749514297246
6576,18.266667,0.8095841003457629,5.477253782063043,7.461080714244659,126.74138687587525
6577,18.269444,2.184660129149279,6.134015017146629,7.441372533146861,126.7866267680949
6578,18.272222,3.558170702978586,6.78416793697582,7.421664871133917,126.83196858526479
6579,18.275,2.702838762765847,6.396495942319103,7.419495505041059,126.8303700619581
6580,18.277778,1.846582538832319,6.006004894158684,7.417327420784524,126.82877071394124
6581,18.280556,0.9894571288228367,5.612704041955743,7.415160618457918,126.82717054142934
6582,18.283333,3.5745830355121218,6.81319129380884,7.421921756396003,126.82737824612765
6583,18.286111,3.5455728119752408,6.793480533418103,7.430183388892704,126.82079506944017
6584,18.288889,3.5566507146394617,6.807434042449987,7.443101357683574,126.81089378273408
6585,18.291667,3.5484342148381707,6.809788243927496,7.454630001397597,126.80137052883559
6586,18.294444,3.5402204583236134,6.8121405103331405,7.466155954792047,126.79185050271577
6587,18.297222,3.5282400366410815,6.820186584868678,7.466063990373648,126.78683721394027
6588,18.3,3.5062207356626054,6.932416904551362,7.278298555934846,126.86822830484819
6589,18.302778,3.484201909983806,7.04512795111475,7.090123317735692,126.94954849688098
6590,18.305556,3.4824512492847255,6.826250974292654,7.507967395174802,126.77285706124276
6591,18.308333,3.4678901020707364,6.951228728642331,7.304613169617447,126.86088268145825
6592,18.311111,3.4533235295403095,7.076764213825559,7.100760218948341,126.94885111881196
6593,18.313889,3.4298777576145714,7.076824975593693,7.1135775134130625,126.93683364435118
6594,18.316667,3.463061339231384,7.0991540022925115,7.1194089821639714,126.93038038963554
6595,18.319444,3.4962291668297603,7.121474752126209,7.1252383382962385,126.92393045925157
6596,18.322222,3.2187989859499027,6.229217524641646,7.76768001275946,126.92046752378018
6597,18.325,3.362604188792176,6.6798918674181476,7.47291942089084,126.91601177764379
6598,18.327778,3.5054472236614043,7.132609269973139,7.175155499010167,126.9115556821044
6599,18.330556,3.27598048586127,6.276243844959389,7.803470568106594,126.84982855341703
6600,18.333333,1.9704830499189416,5.682773357988239,7.813265600986433,126.87422990108881
6601,18.336111,0.6626804880408699,5.082462891827875,7.823064342124955,126.89868783106054
6602,18.338889,1.3597043158968596,5.083775079736904,8.069610663318684,126.89585025415387
6603,18.341667,2.0559787226018233,5.079561586748397,8.318783929756645,126.8930116810131
6604,18.344444,2.7512525439172393,5.069836678868484,8.570530843781352,126.89017313515733
6605,18.347222,2.9232744745280232,5.558594076646763,8.241588041405219,126.92932644712737
6606,18.35,3.096273284577567,6.045705341353743,7.915292923444369,126.96845780863883
6607,18.352778,3.2702528125710195,6.5311916538577375,7.591628119663699,127.00756724523394
6608,18.355556,3.2531863824902842,6.536880175776478,7.590880481594535,127.01357272631385
6609,18.358333,1.9165080395749712,5.937578836087889,7.612125031135836,127.02264830580911
6610,18.361111,0.5775022889311217,5.331296059720728,7.6333515091158795,127.031749452972
6611,18.363889,3.2122072283769434,6.556045806982857,7.662199921598788,127.01851643444697
6612,18.366667,1.8603244342985832,5.94949144358714,7.660756664635439,127.020867766932
6613,18.369444,0.5072507358323275,5.33642693011987,7.659311637867081,127.0232179262763
6614,18.372222,3.128675765963264,6.583721628851302,7.611484914372539,127.02623563219889
6615,18.375,3.086520181517182,6.344653143653188,8.046167680981245,126.83237253254826
6616,18.377778,3.044367602665533,6.107921067319728,8.479165271590116,126.63785656806137
6617,18.380556,3.0612252874498562,6.59966216559441,7.623950442025727,127.02681108430791
6618,18.383333,3.0573113469297812,6.599961707373637,7.6392568022115945,127.02576605580835
6619,18.386111,3.053396870007976,6.600261354676951,7.65456622917387,127.02472436637522
6620,18.388889,3.0571247337862033,6.132560372084971,8.526797559902203,126.62850652925816
6621,18.391667,2.7799457005023473,5.512872577873546,8.885512813074065,126.62645868451777
6622,18.394444,2.5050845018401944,4.889551344162372,9.250173731769724,126.62441297118183
6623,18.397222,2.5119389422285305,4.8987037431605405,9.255850251914296,126.6228686447079
6624,18.4,2.518793390084218,4.9078561931679925,9.261527842870954,126.62132472249364
6625,18.402778,2.525647845332708,4.917008694067633,9.26720650426476,126.61978120499528
6626,18.405556,2.5647142328731523,4.95140169213667,9.258345930595489,126.62174950249256
6627,18.408333,2.580890151176048,4.969465536510308,9.261263857375361,126.62317652209806
6628,18.411111,2.5970722813783915,4.9875354536950525,9.264183467190701,126.62460494447528
6629,18.413889,2.6234192968271337,5.00990159579089,9.262434003847872,126.62546920882532
6630,18.416667,2.624611853082653,5.021308116251532,9.259517634365345,126.62723735523535
6631,18.419444,2.6258041462631763,5.032708768091373,9.256604580801227,126.62900493306832
6632,18.422222,2.678151472919831,5.530779722398158,8.404615050036714,127.01640970488405
6633,18.425,2.9349095989521548,5.892391322242757,8.502679160434173,126.82122266934586
6634,18.427778,3.193706406241958,6.25324463023877,8.604225093808367,126.62535088171843
6635,18.430556,3.201828127780175,6.405942708861803,8.334324320581413,126.7525742593398
6636,18.433333,3.2099464975598586,6.559597377717605,8.063771741748507,126.87948881720452
6637,18.436111,3.2180673625425094,6.714327440634085,7.792364540160619,127.00618578255383
6638,18.438889,3.223836024909991,6.484793427510979,8.239940085912043,126.82073947066355
6639,18.441667,3.2296047623583313,6.257666016417135,8.685611061647986,126.63478412374936
6640,18.444444,3.2212344772575836,6.244968864712066,8.70898222294786,126.63016577776814
6641,18.447222,3.2135616180105924,6.247780034284279,8.714623297806334,126.63156792788025
6642,18.45,3.205889654739517,6.250591325808136,8.72026336237418,126.63297030490786
6643,18.452778,3.1944170696712124,6.250471012528703,8.719413240116673,126.63047052644724
6644,18.455556,2.9164324531490067,5.6249268332749995,9.063326767900676,126.61862497877358
6645,18.458333,2.6407195902064764,4.995635905219796,9.413252471258595,126.6067887339617
6646,18.461111,2.66450336354481,5.008452491913381,9.41638833689752,126.60755445831064
6647,18.463889,2.681495598342229,5.017628135531087,9.423902975546067,126.60593130207339
6648,18.466667,2.6984873356267887,5.026803910506409,9.431417375199352,126.60430843138703
6649,18.469444,2.7594001205171974,5.070874034387854,9.426031680965938,126.60815734108645
6650,18.472222,1.3661671678343303,4.4234006385721525,9.437124114427405,126.60645003693152
6651,18.475,359.970819752969,3.769143401858628,9.448216718713933,126.60474349157185
6652,18.477778,359.5045073973494,3.5800539453053144,9.448433974131792,126.6069477032327
6653,18.480556,359.75282694987595,3.688846744837276,9.451938400883122,126.60850350104936
6654,18.483333,0.0013174264255830792,3.7968290472671278,9.455442003186459,126.61005874343861
6655,18.486111,2.7408237959183506,5.071782446822356,9.468160837403762,126.6046736527873
6656,18.488889,2.753845999701884,5.075320873647643,9.496407338225314,126.61459765707356
6657,18.491667,2.766867936401777,5.078860089337823,9.52463224460616,126.62453501944286
6658,18.494444,2.7715365123830544,5.072171112430466,9.549835653098302,126.62426800629062
6659,18.497222,2.7639500345593433,5.069487462877069,9.563774170981379,126.61980789092986
6660,18.5,2.7563640828094336,5.066803823210098,9.57771300513999,126.61534728530476
6661,18.502778,1.9112948483905434,4.677354549157116,9.595898940646542,126.60769365827521
6662,18.505556,1.0655145477422217,4.285308456469856,9.614084350338352,126.60004017359681
6663,18.508333,0.21938400210808595,3.890818170242621,9.632262686006424,126.5923895882219
6664,18.511111,2.7782186596080134,5.041408507374086,9.647416211617443,126.55158727004714
6665,18.513889,1.4755605113391166,4.432353352691315,9.69413130009762,126.56208183553686
6666,18.516667,0.17114584886230944,3.8172354687424157,9.740801960579148,126.57260460512502
6667,18.519444,0.1286578321931522,3.801407908450214,9.730398206912412,126.54125638644369
6668,18.522222,0.12141498914182769,3.829308837192549,9.734329071804883,126.55247833943419
6669,18.525,0.11417179675160227,3.857202877087044,9.738251678404907,126.56370341737097
6670,18.527778,2.8002867009396457,5.11878816714985,9.724405218706774,126.53253685825202
6671,18.530556,2.7936577371894558,5.121892176868641,9.744348917657234,126.52619841867893
6672,18.533333,2.7870303858580954,5.124995167263432,9.764285949245131,126.51986318840794
6673,18.536111,1.885662524649696,4.724302237459863,9.793141151136663,126.51584178677841
6674,18.538889,0.9836155525587493,4.320650308658177,9.82197637017999,126.5118305484222
6675,18.541667,0.08095600195537855,3.9140487484583986,9.850791600942536,126.50782946786559
6676,18.544444,2.7334076550771496,5.169025538780513,9.887474090078982,126.48932671793723
6677,18.547222,2.7245617460250404,5.175729912856678,9.90849346488287,126.4814481532403
6678,18.55,2.71571487432519,5.1824343229536325,9.92951209581781,126.47357067554755
6679,18.552778,2.7166306054776346,5.208364661153595,9.927880527427515,126.47059941071096
6680,18.555556,2.71754582157811,5.234304569588076,9.92624301449646,126.467628150669
6681,18.558333,2.718460193416199,5.260244708222588,9.924600144565009,126.46465796673779
6682,18.561111,2.689724860620114,5.261194470666295,9.930119516959575,126.46571140742715
6683,18.563889,1.2944564678465564,4.629980811371215,9.944339044896527,126.45441892713306
6684,18.566667,359.89741896840087,3.9916218982901253,9.958557337675764,126.44312366459842
6685,18.569444,359.89315132711835,4.0064446722613685,9.968832696627253,126.433573593404
6686,18.572222,359.8840842196471,4.007936493308529,9.990436581412542,126.4293026383997
6687,18.575,359.87501834516274,4.009428486973857,10.01203807589948,126.4250317571083
6688,18.577778,359.86770564989354,4.0155647563432755,10.020021586134199,126.41599832533409
6689,18.580556,359.8603904047396,4.021701401458506,10.028007631072644,126.4069622073384
6690,18.583333,359.853075244126,4.027836213105509,10.035993334952732,126.39792665694294
6691,18.586111,359.8404442662857,4.022244003314297,10.062692180891219,126.38577663293775
6692,18.588889,359.8351982970022,4.037021034199398,10.070039615457258,126.38434349445582
6693,18.591667,359.8299520310417,4.051797616699922,10.077386627817617,126.38291035623492
6694,18.594444,359.82452330985825,4.065473112039326,10.085744231533692,126.37443566516346
6695,18.597222,359.82378027962886,4.089394463826661,10.08481849158218,126.36923786093148
6696,18.6,359.8230364439759,4.113314147935929,10.083894230861532,126.36403988380168
6697,18.602778,359.8169445069011,4.124686119351537,10.094271036146012,126.3555980687914
6698,18.605556,359.81744536509365,4.14807896767301,10.09620940395811,126.35195032617032
6699,18.608333,359.8011553767546,4.160052530496305,10.094615850220986,126.35359135949763
6700,18.611111,359.7969938383417,4.172342397586833,10.098371308227886,126.35167278446114
6701,18.613889,359.79283113299675,4.184631728335685,10.102127600002301,126.349753810455
6702,18.616667,359.766753700202,4.183014289201271,10.121842988120253,126.34211730019602
6703,18.619444,359.7636076981463,4.191189566483136,10.12820406205664,126.33890391834076
6704,18.622222,359.7604607836241,4.199367579453623,10.134568486961431,126.33568913315393
6705,18.625,359.7504752177778,4.196426586022891,10.150592358392046,126.30612809331306
6706,18.627778,359.7406395068085,4.199006157714813,10.161652918885533,126.29582325674049
6707,18.630556,359.7308040512366,4.201585743420903,10.172718283568393,126.2855140107928
6708,18.633333,359.97008397514224,4.872164096357849,9.768353961175446,126.279527940347
6709,18.636111,0.20967780700638627,5.54125944488557,9.36579257617214,126.27353929201412
6710,18.638889,0.449489433225164,6.208591217695675,8.965208884269195,126.26755022195879
6711,18.641667,3.6694851132793573,7.719054278521989,8.985229437575558,126.2490616970391
6712,18.644444,3.6717116290196543,7.737169306367594,8.969752324565189,126.24952537373657
6713,18.647222,3.6739382189029026,7.755299550864832,8.95426061959894,126.24998891188905
6714,18.65,3.4085086543590233,6.873857320386167,9.587710885446569,126.24389659795217
6715,18.652778,3.4206850050460638,6.882067745382736,9.59795743147485,126.2408847767813
6716,18.655556,3.432861052786855,6.890277401005534,9.608204813383288,126.2378732854849
6717,18.658333,3.4658693556479836,6.9125154460299125,9.610895335391113,126.23338362877773
6718,18.661111,3.4730823012971292,6.917212947312223,9.616358329193531,126.23091304852271
6719,18.663889,3.4802950781499593,6.921910334564917,9.621821495425937,126.22844265658394
6720,18.666667,2.9855190567124605,5.76578312581516,10.267179341083224,126.22263956168912
6721,18.669444,3.026831855822916,5.785411612475743,10.277213729835225,126.21454058631538
6722,18.672222,3.068158691819601,5.805048707690871,10.287251678897679,126.20643838220396
6723,18.675,0.4998953448039405,6.307177836026382,9.001405201947804,126.18000738336313
6724,18.677778,0.5125999104893033,6.303815168502178,9.025744039845378,126.19440045386328
6725,18.680556,0.5253052824451991,6.300454874207249,9.050078403267609,126.20873593766713
6726,18.683333,0.2693438121363254,5.604619913564342,9.497631101584759,126.20411789004537
6727,18.686111,0.013504773381930235,4.906449347127719,9.947643478101444,126.1994987150821
6728,18.688889,359.757890728547,4.206237357350441,10.39992114659724,126.19488007643109
6729,18.691667,359.9814823803652,4.304144273242509,10.416346394589478,126.18776314810815
6730,18.694444,0.3830961815059144,5.35962200003075,9.777552515668528,126.16230462846941
6731,18.697222,0.7854089380224156,6.410932099384892,9.143630892420859,126.13680661661307
6732,18.7,4.143076646027598,7.977688694942529,9.214488755758719,126.16097556872255
6733,18.702778,4.0716743694072495,7.949298324822088,9.224168340907308,126.15806562356529
6734,18.705556,4.000265653501195,7.9209003261710365,9.233845316118781,126.15515391932361
6735,18.708333,4.119287071369431,7.980825062207725,9.259006848678752,126.14018213406437
6736,18.711111,4.131028146424459,7.985366668624124,9.290611030897743,126.13180211211365
6737,18.713889,4.142768379488,7.9899070463968584,9.322214863676027,126.12341764555428
6738,18.716667,4.128931526987758,7.987104463458554,9.355502972019366,126.10795373991705
6739,18.719444,4.115096387200854,7.984302753604389,9.38878426766166,126.09248795994573
6740,18.722222,4.101252996728157,7.981499899067984,9.42208270454919,126.07700918110986
6741,18.725,4.107612303474442,8.000233193663128,9.431673952065744,126.06797207291824
6742,18.727778,4.107360009056869,7.99551278616314,9.489273365430158,126.03604199510694
6743,18.730556,4.107106863583624,7.990789040977894,9.546899158053474,126.0040922826018
6744,18.733333,4.122281077114549,8.010325013985131,9.576665777657436,126.00058465156313
6745,18.736111,2.4473371228650844,7.234370323456213,9.62895721442904,125.9871036191797
6746,18.738889,0.768605469642754,6.449452830568568,9.681254670863066,125.9736218724327
6747,18.741667,0.5013608423152061,5.747008436149205,10.17489565494212,125.95081672942307
6748,18.744444,0.23443818671169048,5.042664501569176,10.670745706455353,125.92801711071228
6749,18.747222,359.967655850669,4.335958423029501,11.169127768951384,125.90520666934871
6750,18.75,359.9674910595258,4.345432130380782,11.22414524156375,125.88464558003604
6751,18.752778,359.96732579646215,4.354905346083257,11.279179964457825,125.86407650236269
6752,18.755556,359.9671600615329,4.36437806953888,11.334231846857875,125.84349950694558
6753,18.758333,359.95972831506003,4.377589807337921,11.38602268245154,125.82670459994388
6754,18.761111,1.6443833837112098,5.184259267831944,11.465509158807595,125.80375834842896
6755,18.763889,3.3251854396282905,5.982545166996111,11.54501373207416,125.78082672047309
6756,18.766667,3.3218776798872423,4.9552397494391816,13.608819440244435,124.79728478530039
6757,18.769444,3.324634732853884,5.990358509779586,11.697140615344054,125.71846229699234
6758,18.772222,3.282694887033152,5.974456927928765,11.765527105281251,125.67913862174301
6759,18.775,3.572588951611081,6.637681589762263,11.45677489569998,125.6515854413103
6760,18.777778,3.865019956525442,7.296858601769733,11.154607567976612,125.62400847109426
6761,18.780556,3.830479605306163,7.2652066195568565,11.272639519943791,125.5670615923387
6762,18.783333,3.8141820597996468,7.288326585438895,11.324151996043398,125.53745188145395
6763,18.786111,3.7978742996874857,7.311455479947327,11.375701890101688,125.50779782630131
6764,18.788889,3.7765187762858314,7.320434656575525,11.431372133702723,125.47974568859341
6765,18.791667,3.73953479371046,7.32650261765715,11.505466185042856,125.44900971897376
6766,18.794444,3.702559033347752,7.332569126326556,11.579538146033894,125.41829713429892
6767,18.797222,3.6800312948401857,7.363886119597581,11.616206149999279,125.40680178524089
6768,18.8,3.657500525492125,7.395229694394374,11.65283651844436,125.39531987502379
6769,18.802778,3.634966734912803,7.42659987501523,11.689429061438066,125.3838514754623
6770,18.805556,3.6255679449178633,7.452721688755959,11.733385781455713,125.36895373577566
6771,18.808333,3.6176586089443195,7.46852289690897,11.778718477188448,125.3508586401693
6772,18.811111,3.609744499841735,7.484332966224645,11.824060152214237,125.33275233587607
6773,18.813889,3.508824656594488,7.468059292533134,11.84851296699421,125.2987166092362
6774,18.816667,3.4812109501459485,7.484766184446425,11.88449130848091,125.27272950631605
6775,18.819444,3.4536035218285885,7.501473103978745,11.92047154289925,125.24673286730503
6776,18.822222,3.541818150374649,7.827070004148812,11.754970913195173,125.22370172902178
6777,18.825,3.6295228702987163,8.153768135402313,11.587862707867195,125.20066321310834
6778,18.827778,3.7167209687792617,8.481580708013603,11.419136867512627,125.17761742530747
6779,18.830556,3.450490321898288,7.603691595867076,12.134901211058867,125.17070194566303
6780,18.833333,2.003374922840747,6.9578756357592475,12.18662885739639,125.1365568534189
6781,18.836111,0.5535235306027868,6.3047075488027,12.238396145977621,125.10239003314915
6782,18.838889,0.5440529506233265,6.3243515707204025,12.311452310109928,125.06161314898601
6783,18.841667,1.7217405137448836,6.399396251437368,12.700843152403245,125.04392585486623
6784,18.844444,2.8957014200761115,6.460244681393172,13.0964170365345,125.02627678116947
6785,18.847222,359.97221358801403,5.109412379546681,13.14371349541965,125.01286723683658
6786,18.85,1.450460612615375,5.82361932373828,13.173655305005003,124.99174324614434
6787,18.852778,2.9257960411375485,6.530581313317562,13.203604474269579,124.97060993882873
6788,18.855556,2.954705104258041,6.570191834720584,13.240014780124081,124.96000610306827
6789,18.858333,2.9628083329205808,6.592328027981276,13.254971898627023,124.95580352243665
6790,18.861111,2.970913886093639,6.614472744822635,13.269930120053782,124.95159256608095
6791,18.863889,2.967835169144502,6.627053376005232,13.301090089452032,124.93924403768825
6792,18.866667,2.96475667051833,6.639635069076755,13.332258772985014,124.92686003046624
6793,18.869444,2.9616794984176504,6.6522132939995675,13.363424908691549,124.91444508096781
6794,18.872222,3.784975862862087,8.761276864850313,12.106340165274116,124.88229508494682
6795,18.875,3.756931210037086,8.752412942289709,12.143313985590968,124.86759577860416
6796,18.877778,3.728884694636493,8.74355021251029,12.180282776947514,124.8528994853509
6797,18.880556,3.7260006918326436,8.74612824013058,12.218197963374195,124.83855109261644
6798,18.883333,3.7231179452106193,8.748705606063478,12.256101615815233,124.82420665270108
6799,18.886111,3.720234378622145,8.751284166579687,12.294020994348482,124.80985586291852
6800,18.888889,3.7152546555100265,8.752203995066882,12.346281124611576,124.78317298500433
6801,18.891667,3.7091414562241383,8.752223112172075,12.091764926735813,124.91261103139142
6802,18.894444,3.703030765668082,8.752242136356362,11.838140397898172,125.0423030633164
6803,18.897222,3.7176282237412153,8.764881329398992,11.901965848427931,125.0011388525533
6804,18.9,3.7322247392141445,8.777520739287972,11.965858957563444,124.95994158702005
6805,18.902778,3.7468203118170145,8.790160365652934,12.029819630882635,124.91871141563651
6806,18.905556,3.7949933574413723,8.815977479069812,12.080671568835204,124.9155144190541
6807,18.908333,3.811155312615366,8.722423652573735,12.298861456857171,124.81349453569915
6808,18.911111,3.8273221936408266,8.629368910271115,12.516744684286948,124.71130383798253
6809,18.913889,2.3926894549389655,7.284212441898848,13.20153485583091,124.5862187850263
6810,18.916667,0.9535818984255879,5.927703007107178,13.886518009787629,124.46091496190174
6811,18.919444,359.5106453561317,4.560521237258202,14.571346725895879,124.33543895219681
6812,18.922222,359.5137159427984,4.469178632833382,14.797409951518134,124.23202212377068
6813,18.925,359.500643198196,4.36686882563497,15.034978922822866,124.12543028486549
6814,18.927778,359.5077794609302,4.276740193842318,15.419203291582185,123.94897661479494
6815,18.930556,359.5149155112897,4.187084136871807,15.803697483166772,123.77226863950177
6816,18.933333,359.5220487805849,4.097929500944566,16.188313553290072,123.59538478808555
6817,18.936111,359.5094611300839,4.100380602792699,16.24763663462329,123.57264132738474
6818,18.938889,359.5363471809922,4.116496869153005,16.319599874778454,123.54865497174707
6819,18.941667,359.5632350143118,4.132611501361081,16.39157022341294,123.52471201666098
6820,18.944444,0.06267844213738805,5.272484544819916,15.803035560126219,123.50770764415493
6821,18.947222,0.07271291627616883,5.268433877886915,15.854788126940292,123.48856176135924
6822,18.95,0.0827482915393869,5.264383639110239,15.906559568625198,123.46940121396047
6823,18.952778,0.08493318519466975,5.27923319678397,15.93862837577592,123.45299542515654
6824,18.955556,0.10037126924504491,5.285542635258871,15.992063753989271,123.42850161956746
6825,18.958333,0.11580389358161014,5.29184794711429,16.04548113436283,123.40399278642253
6826,18.961111,0.13277006534671898,5.307638660476391,16.088556832231248,123.38094288386095
6827,18.963889,0.14973473611470212,5.323428779060478,16.13164494158785,123.35786558379324
6828,18.966667,0.1666979063760241,5.339218303985039,16.17474538565147,123.334760958254
6829,18.969444,0.16817079746175168,5.338539405294338,16.263038274870944,123.31691964833833
6830,18.972222,0.19794068240217655,5.365329734014413,15.360555771555816,123.77492480371005
6831,18.975,0.22770895777361488,5.392115640656797,14.466131154326519,124.23653804454064
6832,18.977778,0.23411959966519724,5.404582888008109,14.682156580130815,124.15399355207411
6833,18.980556,0.24053040094291944,5.417052979497074,14.898651961473035,124.07193325836018
6834,18.983333,0.24693905397375104,5.4295214257023705,15.115533484444576,123.99039980544579
6835,18.986111,0.2742220933177215,5.792617492710763,14.966904529493185,124.05411939473917
6836,18.988889,0.30150868433139877,6.161762543531564,14.812149312805879,124.1214612691446
6837,18.991667,0.32879884638088086,6.537085361698081,14.651133952013168,124.19248946216074
6838,18.994444,0.3305628440214008,5.507176558842575,15.295602472291677,123.87936006079393
6839,18.997222,0.326852977302833,5.513259236298477,16.047569965459644,123.50704265830284
6840,19.0,0.32314320575775035,5.519342545510588,16.804171235401917,123.13795330123055
6841,19.002778,0.3293375234411755,5.873032843082841,16.192377293914667,123.43383810045138
6842,19.005556,0.33553176354853775,6.232764762742313,15.575662922156084,123.72863406038546
6843,19.008333,0.3417236962828447,6.598533096782008,14.954128337912778,124.02223255352278
6844,19.011111,0.45311090699610723,6.652923254572007,15.02195777182694,124.00333657175882
6845,19.013889,0.5646465692348723,6.707090418438119,15.089776418303146,123.98440873829612
6846,19.016667,0.6763352391886723,6.7610364010990995,15.157583950455766,123.96544927244493
6847,19.019444,0.6782251399534758,6.769507983604079,15.196550106678984,123.93857305361338
6848,19.022222,0.6851644050991137,6.793613611181257,15.2155823848939,123.92939082476512
6849,19.025,0.692103725435155,6.817718904155354,15.23462173783252,123.92019007957198
6850,19.027778,0.6854939152061998,6.805909044503611,15.310775173851574,123.91437331445125
6851,19.030556,0.45018797678285516,6.738269073446897,15.11432389096143,123.9820412626277
6852,19.033333,0.2153120639596633,6.669807645019116,14.918026349139602,124.05016132114675
6853,19.036111,0.22118328376233976,6.684340721503325,14.97026042069988,124.04947955465518
6854,19.038889,0.23632932099993376,6.70422240311116,15.04206535607846,124.01093616146322
6855,19.041667,0.25147035581301225,6.7241020894787855,15.113836201623549,123.97240458621918
6856,19.044444,0.22044144869681404,6.705721528574916,15.171301499220874,123.95174040442673
6857,19.047222,0.2430803561685071,6.737335182576064,15.17490163015421,123.93733835681887
6858,19.05,0.2657165588069663,6.768949597728714,15.178511038666578,123.92291301599535
6859,19.052778,0.6991787360695696,6.957426554749258,15.18231191467877,123.89004936791314
6860,19.055556,0.7050387506944418,6.970413166913383,15.262431230816645,123.86864737400789
6861,19.058333,0.7108965608402222,6.983394247372434,15.342485060851757,123.8473289386718
6862,19.061111,0.7852028213373465,7.272795972873425,15.18943356132801,123.83003853225786
6863,19.063889,0.8591313253228918,7.563185380741329,15.035028242820509,123.81274525898492
6864,19.066667,0.9326844562280172,7.854572476422813,14.87926137703947,123.79544919165075
6865,19.069444,1.110389586560796,7.993203813857775,14.840256236711795,123.78104856141793
6866,19.072222,1.146474415619382,8.020398728855284,14.883371092550846,123.76969697919556
6867,19.075,1.1825635415204463,8.047585192588823,14.926485667069656,123.75835576949733
6868,19.077778,1.1797238650085724,8.055755805995041,14.955741095512785,123.75475788839908
6869,19.080556,1.176883497948232,8.06392620154038,14.984998330235953,123.75116011263127
6870,19.083333,1.174541288517716,8.073702066602749,15.029713131623247,123.73801840607898
6871,19.086111,1.183763898460512,8.08448274889411,15.079187685904898,123.73422860794649
6872,19.088889,1.1929820831224838,8.09526325128212,15.128634181198187,123.73047090942576
6873,19.091667,1.1813013506181882,8.106410729606253,15.15601885587148,123.74758747472258
6874,19.094444,1.1791337129602084,8.116067703396386,15.197540747392672,123.71679564345918
6875,19.097222,1.1769651248199526,8.125728185195978,15.239088841228003,123.68595910530284
6876,19.1,1.1865414252866273,8.145013725091928,15.272725075473645,123.6724583643555
6877,19.102778,1.1825744040947423,8.154132588528881,15.291640735293875,123.66101450609828
6878,19.105556,1.1786074411885998,8.163250143486668,15.310563003118745,123.64955708464935
6879,19.108333,1.1756116024196501,8.170353234019334,15.338867707435455,123.64047150800418
6880,19.111111,0.8858361762922247,8.070853433567926,15.384168370205813,123.62527863787237
6881,19.113889,0.5965700928481787,7.970160117279864,15.429464085545114,123.61009781518955
6882,19.116667,0.6007792975019957,7.9789212705134815,15.499668330714314,123.58406961220102
6883,19.119444,0.6129896843365472,7.9917135194912525,15.542077403859373,123.57312151438428
6884,19.122222,0.6252049236443948,8.004509165124713,15.58449687034178,123.5621835932552
6885,19.125,0.6481918198746417,8.060256343530618,15.607226813712387,123.55701294315277
6886,19.127778,0.6711785887873134,8.115984089879003,15.629956237052276,123.55187029271089
6887,19.130556,0.6941652278977664,8.171692375872418,15.652685024292623,123.546755669008
6888,19.133333,0.7067536097951095,8.183867050018257,15.665563108242573,123.53762460175447
6889,19.136111,0.7193498688271589,8.196044978429732,15.67845962251981,123.52847452465376
6890,19.138889,0.7319494731372735,8.208221776073206,15.69136993445536,123.51930872022264
6891,19.141667,0.7614046417711098,8.2470945555297,16.29837905740918,123.22478379617048
6892,19.144444,0.767554685054689,8.263245595717478,15.492518659248056,123.64571007078025
6893,19.147222,0.7737068245737806,8.27940088655587,14.693037024347191,124.06935184081361
6894,19.15,0.7801579829395067,8.291891001205876,15.300982453192603,123.76842947220051
6895,19.152778,0.7866094105541706,8.30438039420753,15.911911615437873,123.46946778500605
6896,19.155556,0.7930611073594971,8.316869064666854,16.52569807027683,123.17268803769623
6897,19.158333,0.7958067161472204,8.327203743565903,16.57839609230198,123.15471094802321
6898,19.161111,0.7953041919160952,8.34110834191797,15.91098111249672,123.46303377764526
6899,19.163889,0.7948019455039823,8.355012961797605,15.246969963458596,123.77482512539471
6900,19.166667,1.0787373865307774,8.460841955876663,15.009218945628703,123.89829101911091
6901,19.169444,1.0743841685470894,8.499481254498786,15.914386211846214,123.44369567633983
6902,19.172222,1.0700296655455084,8.53813964150017,16.827406126162735,122.9937975667758
6903,19.175,1.0745868121477784,8.546014992139714,16.877296706693073,122.98052904304483
6904,19.177778,1.0759536895269601,8.55448617917968,16.931025663698954,122.97368038063969
6905,19.180556,1.077320572138012,8.562956948764409,16.98475536695893,122.96677531275965
6906,19.183333,1.0874624131187716,8.575516663323508,17.03971517081895,122.9534351996697
6907,19.186111,1.085102522424382,8.580023301567753,17.11517528269959,122.92704945241066
6908,19.188889,1.0827425932812265,8.584529067180036,17.19066714634338,122.90064708982787
6909,19.191667,1.072709028549319,8.58169740529642,17.28297050268639,122.8673397759875
6910,19.194444,1.0775856414595335,8.594317667995416,17.382514312015147,122.82942934278121
6911,19.197222,1.0824639398974796,8.606943554258027,17.482123495759836,122.79155818326485
6912,19.2,1.0946701929482643,8.63203713339377,17.53061723307679,122.78028929638883
6913,19.202778,1.0722468445384354,8.644127755661689,17.584449539417754,122.77080240746078
6914,19.205556,1.0498240021671066,8.656222128420392,17.638241138563522,122.7612955940045
6915,19.208333,1.0422684724404547,8.655788063432027,17.699792531911264,122.75108091215587
6916,19.211111,1.0488300511600688,8.683999114756777,17.75988942199244,122.7234547809825
6917,19.213889,1.055391148966315,8.712214769249542,17.820030408141392,122.69577169439957
6918,19.216667,1.2192085143106883,8.806597440751133,17.904307918030284,122.6761333322852
6919,19.219444,1.2178088274200949,8.837752164530727,17.963591320976136,122.66439395621525
6920,19.222222,1.2164082649141914,8.86893605781614,18.02287380414088,122.65270897697518
6921,19.225,1.2099046922565222,8.889777601606642,18.070008932672117,122.63890527331903
6922,19.227778,1.2102698965175573,8.907300414072672,18.136403025455934,122.62233608071601
6923,19.230556,1.210634759989917,8.924826920906728,18.2027718318718,122.6057885901417
6924,19.233333,1.2004465079369186,8.944439670086169,18.257522873146712,122.57897293397421
6925,19.236111,1.1902545304737764,8.964063629367331,18.312316859800475,122.55210983331138
6926,19.238889,1.180062497079204,8.983691733826447,18.367133849528265,122.52520911026339
6927,19.241667,1.171897640892979,8.999876875465628,18.448043407493778,122.489506878993
6928,19.244444,1.163736030807165,9.01605768379222,18.528941276251224,122.45378011387167
6929,19.247222,1.1625097455627262,9.027823336174524,18.669225190916258,122.3887022585
6930,19.25,1.165391981350826,9.056780491095498,18.710400226663282,122.36480988492299
6931,19.252778,1.168274143282538,9.085737960416914,18.751582992842557,122.34090719156991
6932,19.255556,1.1673854821408085,9.09486427214739,18.79400268633028,122.32001844991346
6933,19.258333,1.1664970557331387,9.103988401031458,18.836415355485777,122.29911810776149
6934,19.261111,1.165608224202245,9.113116918019767,18.87885146532244,122.27819118073255
6935,19.263889,1.1687584956605264,9.123522937304866,18.951251775939433,122.25061651524281
6936,19.266667,1.1672895429982315,9.136597592019395,19.039586095340972,122.22362829422362
6937,19.269444,1.1658207787919803,9.149669637995213,19.12784744658225,122.19672193095566
6938,19.272222,1.1680451194366963,8.83446947937992,19.8532537368718,121.84875158108211
6939,19.275,1.1702689273208957,8.524050027530603,20.575076908384972,121.49957007724315
6940,19.277778,1.1724922023985016,8.21832382814409,21.293368750298008,121.1492129766154
6941,19.280556,1.1825061387575087,8.249896301633974,21.35547128168991,121.0916499671457
6942,19.283333,1.1781410419158682,8.271735436483084,20.4469353012257,121.50068187374147
6943,19.286111,1.1737745527088261,8.293592620346946,19.542894601835464,121.91743109057926
6944,19.288889,1.172774410140267,8.323646172625779,19.697947238502692,121.84889304041202
6945,19.291667,1.1779449547251666,8.353413358839337,19.77560245977785,121.81241265532331
6946,19.294444,1.1831130529587277,8.383173970137598,19.853220229731676,121.7759870241256
6947,19.297222,1.1735796019843132,8.408827331666156,19.932573129854376,121.73018156041631
6948,19.3,1.171480191418846,8.908114560571423,19.92975797267225,121.73418978266675
6949,19.302778,1.1693804205569212,9.418747190702543,19.916303738222254,121.74957013109794
6950,19.305556,1.1665678567268376,9.447798862939397,19.99475041802114,121.73634528003505
6951,19.308333,1.1644154371862871,9.462013148924708,20.03561472129953,121.68586043627188
6952,19.311111,1.1622617898565029,9.476234033721731,20.076523843566868,121.63532329912731
6953,19.313889,1.153801587270804,9.495348537577431,20.122029774905876,121.61011100202607
6954,19.316667,1.150490847570202,9.510021357458665,20.18595811574027,121.58948021219443
6955,19.319444,1.1471808728378559,9.524691119937419,20.249814921084543,121.56887305394959
6956,19.322222,1.1432993712507447,9.537976292292967,20.317969172721753,121.52390005092836
6957,19.325,1.1284844193955,9.549519041748727,20.406612991887584,121.4631761593826
6958,19.327778,1.113668723784281,9.561063509250122,20.495399572568097,121.40232982103394
6959,19.330556,1.1195013882964506,9.582688115142034,20.545276815138436,121.37651428629955
6960,19.333333,1.1123424098047252,9.589048149807653,20.597082152622384,121.36003735343009
6961,19.336111,1.1051800040330395,9.595413660577503,20.648873889119436,121.34361065562827
6962,19.338889,1.0958149231134993,9.61850699781268,20.670082632001886,121.33852485144526
6963,19.341667,1.086264447411713,9.61280285593152,20.747000686739682,121.3019611984355
6964,19.344444,1.0767172936397138,9.607099653456803,20.823872449642508,121.26549277900547
6965,19.347222,1.067647038938743,9.622831156882075,20.877682740832796,121.23745434684723
6966,19.35,1.0585786603665621,9.63856616030849,20.931500108053584,121.20936682039
6967,19.352778,1.049512158074057,9.654304663157237,20.985324360160924,121.1812304070193
6968,19.355556,1.0526598074694498,9.667855493339207,21.04332259038687,121.1499271535585
6969,19.358333,1.0427766098152649,9.674494586619666,21.146644913972978,121.10201464245979
6970,19.361111,1.0328897781439874,9.68113740138719,21.2500138941747,121.0541331734684
6971,19.363889,1.0272482554759055,9.686422650223797,20.707007597829097,121.21327331151507
6972,19.366667,1.0261937183386234,9.69841749138368,21.049173384502197,121.08974997228928
6973,19.369444,1.0251397620255407,9.710409709376826,21.391591526632418,120.9679584929461
6974,19.372222,1.0238779252962136,9.722929100684777,21.433931774184963,120.92384005603917
6975,19.375,0.6228844784534733,8.674122774002036,22.14175414897771,120.90216650993317
6976,19.377778,0.22223427226485803,7.619993466255426,22.855231716198297,120.88050743329065
6977,19.380556,1.023429303614943,9.75597541683749,21.599702124938858,120.84921799713659
6978,19.383333,1.0308951683424503,9.766985495789655,21.66029817965631,120.81999032254966
6979,19.386111,1.0383649230828365,9.778000534129621,21.72091639430061,120.79075610228604
6980,19.388889,0.670516040956878,8.390907347733378,22.876616036290216,120.71612565946863
6981,19.391667,0.6770723269895136,8.39841451341626,22.92515210104503,120.67694739953835
6982,19.394444,0.6836282659447122,8.405919611493982,22.97367461853551,120.63776864562242
6983,19.397222,0.48297510450266046,8.087216298068434,23.13766904564485,120.63158482344012
6984,19.4,0.2853743834408249,7.768182445094904,23.305016703374804,120.62534905967762
6985,19.402778,0.2908197862766393,7.786419078093935,23.343680381281708,120.59857022986249
6986,19.405556,0.28003774759680056,7.791977244455159,23.4003789794698,120.55564387293568
6987,19.408333,0.2692586980412255,7.79753394904591,23.45705767104112,120.51271753917352
6988,19.411111,0.26837601764451335,7.823351101654595,22.946466711854214,120.71449432470565
6989,19.413889,0.2617611489033802,7.826373848327581,23.28196983084493,120.57581528475673
6990,19.416667,0.2551460044834215,7.829397048171083,23.617670746916616,120.43837875982824
6991,19.419444,0.24475654033707528,7.829056649891623,23.68947309266209,120.40314493347547
6992,19.422222,0.2319793297256485,7.843692964314762,23.77110770806084,120.35710189846596
6993,19.425,0.21920247229760648,7.858329490846803,23.852759670043028,120.31110134119875
6994,19.427778,0.2166343778975417,7.866347416458201,23.89844540188932,120.27848776054257
6995,19.430556,0.20541600536207838,7.870208230367979,23.94469412822326,120.24528974786237
6996,19.433333,0.1942014594484398,7.874067616453161,23.99092975877692,120.21213409031198
6997,19.436111,0.18861230598384182,7.8749279089037785,23.502430796363605,120.39097090883295
6998,19.438889,0.16512660329499873,7.841608958397924,23.581340838387923,120.35462745363883
6999,19.441667,0.14164161317505197,7.808285484032989,23.660265214939535,120.31827811669505
7000,19.444444,0.13824376051806198,7.8203944674944506,23.938149842266284,120.19641196794505
7001,19.447222,0.13484331808843208,7.832508274890175,24.216163630029193,120.07525490779751
7002,19.45,0.13144150915242925,7.844622545532049,24.494192113152756,119.95486814177063
7003,19.452778,0.1640449683964018,7.9624814229111465,24.484911407103468,119.91792059306142
7004,19.455556,0.5698442403686066,9.018731552994456,23.907040020022322,119.86735127535302
7005,19.458333,0.9758068578827874,10.069403890317638,23.3349410685493,119.81676066737428
7006,19.461111,0.9763997722089339,10.06672587658262,23.403031084667703,119.77696890628677
7007,19.463889,0.9784330933236216,10.094109306745917,23.445178977546,119.74191431444275
7008,19.466667,0.9804664110823857,10.121485047164413,23.487369845864308,119.70688683851382
7009,19.469444,0.9803241748598595,10.120849345630305,23.570047151490627,119.66372933103595
7010,19.472222,0.9885009692063917,10.1386567425036,23.756760021696728,119.96024707782526
7011,19.475,0.9966775557144416,10.156463283134784,23.939732957997535,120.2549410256368
7012,19.477778,1.0003891749137548,10.162133660530216,23.862195486928997,119.5614837401102
7013,19.480556,1.0094043773129684,10.177312448971957,23.880041622594327,119.51746331441332
7014,19.483333,1.018417787667607,10.192485705173407,23.89791535327371,119.47345072990906
7015,19.486111,1.0125434711966026,10.183366350448544,23.966618326492586,119.4390944292163
7016,19.488889,1.0023980946916051,10.203735874479062,24.550692510316985,119.47372054700226
7017,19.491667,0.9922588823420551,10.224104739922353,25.12720494276609,119.51897677219016
7018,19.494444,1.0254944677644833,10.233385555549741,23.66942181774948,119.52186919756873
7019,19.497222,1.0156580217661375,10.242607907973905,23.77482072718371,119.4710009123048
7020,19.5,1.0058257402105006,10.251830210111972,23.8802381719702,119.42017770115085
7021,19.502778,1.0074251092612094,10.258378468600306,22.82794806729096,119.90472771221137
7022,19.505556,1.0110119816131427,10.273326316705258,23.486342649187065,119.5862986276134
7023,19.508333,1.014597158512892,10.288269314828998,24.14614643411921,119.27147559941123
7024,19.511111,1.0233122582964178,10.30663181789285,23.03806966219485,119.77261694198485
7025,19.513889,1.0186131089858197,10.31283155506151,23.738002115678526,119.44867552795274
7026,19.516667,1.013913899642482,10.319033206464063,24.439484053961912,119.12935298891621
7027,19.519444,1.010316735630873,10.331080890598162,23.277404124632717,119.63306833184082
7028,19.522222,1.0192363259786266,10.354530665123683,23.8530592494684,119.44815081391157
7029,19.525,1.0281553234214336,10.377981189343387,24.42728989966333,119.26914092684193
7030,19.527778,1.0243151492277285,10.403320334012484,23.456273571082043,119.52894338064924
7031,19.530556,1.01917604627228,10.418441631698585,23.511081686305502,119.49348201588585
7032,19.533333,1.0140378813442652,10.433559642609026,23.565884325446277,119.45804661765705
7033,19.536111,0.39685478473129976,10.214480102636887,23.74490655552775,119.38869826927906
7034,19.538889,0.39009159640718316,10.238853159437646,23.800650944808133,119.33413269970414
7035,19.541667,0.3833282216080782,10.26322867512684,23.856412181980602,119.27952113048953
7036,19.544444,0.3672794440153364,10.276634020880799,23.94430709677205,119.21238161152466
7037,19.547222,0.37502813642966615,10.316242190029207,24.010449320392915,119.14656297292886
7038,19.55,0.3827685753225918,10.355860588140406,24.076610600291033,119.08071246023725
7039,19.552778,0.3731406249481335,10.38279512388727,24.130051489526522,119.03649240471812
7040,19.555556,0.36351359061594835,10.409732677563412,24.183504073816657,118.99225305874005
7041,19.558333,0.35389093830896456,10.43666354270814,24.236948832318134,118.94801061699154
7042,19.561111,0.34215357844892225,10.461087515438198,24.275682958534155,118.91878295938979
7043,19.563889,0.3507828619473532,10.492942719963217,24.311569311086657,118.76704649130086
7044,19.566667,0.33277825799716076,10.510778673342752,24.351750459685185,118.74819809295697
7045,19.569444,0.3147849856117304,10.528611343996847,24.39193137126012,118.7293467187264
7046,19.572222,0.29679008732349565,10.546453572243589,24.432140873891242,118.71047886966927
7047,19.575,0.29686965844613233,10.577682313358675,24.58081957035259,118.633388236742
7048,19.577778,0.2899606335058884,10.603389535667652,24.63139178305846,118.57748432454123
7049,19.580556,0.2830508231164295,10.629099009422589,24.681980063201323,118.52155702827692
7050,19.583333,359.42550880752276,8.452760011899699,26.081381316155728,118.46899156951254
7051,19.586111,359.41625820889703,8.472825343741029,26.186971545356784,118.39892427008722
7052,19.588889,359.4070083302268,8.49289214621129,26.292612005266932,118.32884793686593
7053,19.591667,359.41481955011074,8.529264055978963,26.33659415291298,118.27371177865432
7054,19.594444,359.4065417183322,8.551569083254009,27.536692611199243,117.75962487493196
7055,19.597222,359.39825883208596,8.573882599915034,28.736603675492276,117.26412171884455
7056,19.6,359.37896879334903,8.602793247901808,28.760698181557444,117.21366638754186
7057,19.602778,359.3608705897075,8.624620234879977,28.827979362825722,117.15101993257757
7058,19.605556,359.3427699832755,8.646449510407397,28.89524917625924,117.08837492359193
7059,19.608333,359.33466981798125,8.036845331315401,29.319830599569755,117.2879785998778
7060,19.611111,359.3265652470192,7.399503470174249,29.776584545309326,117.48315325957442
7061,19.613889,359.31845918698707,6.732902263745062,30.266941504435557,117.67398482271555
7062,19.616667,0.822891735596599,8.082798082554469,29.649406113552168,117.69717184544346
7063,19.619444,2.3223228628906867,9.41648539510895,29.034748433052506,117.72080082274185
7064,19.622222,3.8177722636187,10.734827174022005,28.422581966703277,117.74488556321351
7065,19.625,3.791820450506137,10.640423797620194,29.10421846096206,117.46604164399075
7066,19.627778,3.7948985817019594,10.63646520352453,29.194129235754218,117.42999759432216
7067,19.630556,3.7979766489926376,10.632442162441524,29.283985916539706,117.39412368733191
7068,19.633333,3.80285690852228,10.673948969105485,29.31200222664272,117.36208469548662
7069,19.636111,3.7869778337590727,10.687631343854672,29.357267219535764,117.32592590948279
7070,19.638889,3.7710973445703058,10.70132670259499,29.4025088000283,117.28977286985766
7071,19.641667,2.5680244868083815,10.185711018503465,29.46073892702379,117.26744831915452
7072,19.644444,1.365240168091212,9.661720838298677,29.518917419819083,117.24513708725961
7073,19.647222,0.16178395683139435,9.128864341135781,29.577085953012684,117.22282324842443
7074,19.65,3.7737959451135623,10.760264666542735,29.133735617216054,117.37275479521422
7075,19.652778,3.755866688840298,10.77052654608691,29.483603119171654,117.20239359907329
7076,19.655556,3.737936161548445,10.780802401123136,29.833313110709824,117.03350640776272
7077,19.658333,3.75688492135383,10.810302541020274,29.889515071517955,116.98603475607014
7078,19.661111,3.7323449598632408,10.831196352030279,29.993921600300915,117.33556357047378
7079,19.663889,3.707801933454162,10.852069773941977,30.095856231696636,117.6824148138456
7080,19.666667,3.7005919407420027,10.890596464623837,30.02712838306627,116.86876358538551
7081,19.669444,3.66865948013038,10.897880737057005,30.098642705370885,116.80369646110695
7082,19.672222,3.636712605960266,10.905170327725742,30.170193613651016,116.73856906066409
7083,19.675,3.66190296819234,10.951855276836689,30.424542080072698,117.4003595610627
7084,19.677778,3.6661745389169926,12.282851555913869,29.32780072015079,116.76392205961314
7085,19.680556,3.6704446670882653,13.53518603297918,28.323429547458034,116.10974891542277
7086,19.683333,3.645634560033235,13.589455652675696,28.329945513240304,116.14054594664698
7087,19.686111,3.2877437413090345,12.664637934982359,28.910474458016864,116.12699066979282
7088,19.688889,2.9300778374005816,11.733471099244394,29.49758788250871,116.1134228528514
7089,19.691667,2.938974461179919,11.805615395003425,29.48919359748828,116.08698879579138
7090,19.694444,2.9478676156386765,11.877872425874056,29.48067513017218,116.06054901722455
7091,19.697222,2.9567637055377567,11.950294505140022,29.472025962840085,116.03408456728324
7092,19.7,2.958959408319487,11.638563550432895,30.151691942844387,115.6872469665781
7093,19.702778,2.961155048095904,11.331013023899136,30.827483511025086,115.34010793696685
7094,19.705556,2.963350624742697,11.027579559760838,31.499435542026646,114.9926959701854
7095,19.708333,2.94540771496227,12.196604966919981,28.85372059077541,116.14335631672647
7096,19.711111,2.9344985052941404,11.631696182892995,30.00330381472766,115.60512876815892
7097,19.713889,2.923589480894554,11.079830368646672,31.13992711579047,115.06681917170941
7098,19.716667,2.9106338958663898,12.301193705116251,28.965945630615295,116.05253286411777
7099,19.719444,2.910719261362379,11.115814647621875,31.248906230822293,114.96989175131255
7100,19.722222,2.9136686614502807,11.146260745854764,31.915493584208114,114.67267963772224
7101,19.725,2.8933871473734705,11.150279464803262,31.976275383376112,114.61781477489419
7102,19.727778,2.873104797526546,11.154298883627224,32.037061681758246,114.56292656082366
7103,19.730556,3.5965058040849556,13.139473364038547,30.86378930124492,114.57208743485353
7104,19.733333,3.5769269501458982,13.15986854513357,30.944726556611776,114.89382362799995
7105,19.736111,3.5573397270033897,13.180273306808381,31.023800707160724,115.21344113403276
7106,19.738889,3.5398509162040135,13.213668909349284,31.057191494838975,114.439077519928
7107,19.741667,3.50958180681425,13.21629667555042,31.121183404352557,114.36991702763537
7108,19.744444,3.4793230449290924,13.218929388205598,31.18515608712984,114.30076955419347
7109,19.747222,3.473410065784524,14.84153096730504,28.426428548917137,115.50147311100993
7110,19.75,3.4663309008134533,14.719724360615611,28.704320525888008,115.35180502193123
7111,19.752778,3.4592505547923125,14.598260546062761,28.981884799349565,115.20212015460548
7112,19.755556,3.4531755740868544,14.16113092004326,29.86528190525486,114.77844069720717
7113,19.758333,3.447102996794886,13.73106825562158,30.741128028439597,114.35521645375711
7114,19.761111,3.4410284495686216,13.307647585238936,31.61011563157254,113.93219619793817
7115,19.763889,3.413719682733145,14.572217198245266,29.405988240323282,114.89453405989062
7116,19.766667,3.207325547798236,13.848575907331458,30.66628933811277,114.31401899853451
7117,19.769444,3.000915745644958,13.138814797095542,31.9122540866695,113.73406579737801
7118,19.772222,3.027942078007353,14.469283369833509,29.636985883150317,114.79829431536972
7119,19.775,3.0366565587807184,13.831969958282958,30.850241761375784,114.23243182259634
7120,19.777778,3.0453707185317676,13.208874217866157,32.048658352126814,113.66718657407588
7121,19.780556,3.055085025966383,13.230925621294784,32.10625131720375,113.62707288457793
7122,19.783333,3.064795477105731,13.252971708727987,32.163813169153165,113.58696135211717
7123,19.786111,3.0745090653164393,13.27502835627432,32.221385127206524,113.54682332180492
7124,19.788889,3.1766086176889754,13.341940360728898,32.32250286768075,113.48679056323917
7125,19.791667,3.2786794067126586,13.40884502322817,32.423624723539405,113.42680335025659
7126,19.794444,3.3806845546759483,13.475718161423053,32.524713425314715,113.36688410540324
7127,19.797222,3.4301311561430463,13.519730150728677,32.57353316585598,113.33375900610912
7128,19.8,3.404533775744687,13.526030065228614,32.624015009299264,113.30225969308003
7129,19.802778,3.378935058989205,13.53233021312706,32.67450448551623,113.27075518905748
7130,19.805556,3.3646158519836966,13.544307654259423,32.733241174429104,113.23515324230945
7131,19.808333,3.35030156872571,13.55628319515861,32.79193463503617,113.19956815413629
7132,19.811111,3.335981900757387,13.568265458750773,32.850626897400744,113.1639745131306
7133,19.813889,3.3244578138646315,13.579551005321644,32.90598349005082,113.08968737697498
7134,19.816667,3.3491815647403875,13.609572850316862,33.02298691743095,113.02601718169846
7135,19.819444,3.373893320711142,13.639580919043382,33.1399428630674,112.9624363110128
7136,19.822222,3.3821383919796837,13.654053316747877,33.20092355767584,112.92186194117042
7137,19.825,3.1903380845100155,13.585684632016623,33.241264674436245,112.87274510534135
7138,19.827778,2.998464447636536,13.517300704310664,33.28166461825706,112.82356949593242
7139,19.830556,3.0051075443539563,13.53868515178998,33.3430585713862,112.78862001838672
7140,19.833333,3.0117474313635046,13.560063261544546,33.40442759058155,112.75368571583101
7141,19.836111,3.018388890739123,13.581450428545374,33.465815603471896,112.71874165717819
7142,19.838889,3.1201716654092504,13.645491315011526,33.567767754342924,112.66733852247278
7143,19.841667,3.2219387760530562,13.709522924113145,33.669713203493,112.61597671654557
7144,19.844444,3.3236534430986016,13.773522141688009,33.77161430489017,112.56467552801665
7145,19.847222,3.317964960093409,13.78096477082262,33.820860327418146,112.52326329187055
7146,19.85,3.3122766620545168,13.788409991411449,33.87011752312289,112.48182739880016
7147,19.852778,3.3065885490153946,13.795857804067658,33.91938577507691,112.44036797090487
7148,19.855556,3.315936904111444,13.809727957430422,33.99409342905115,112.6544894508522
7149,19.858333,3.3252805786154322,13.823593287399884,34.067831152378446,112.8676232749971
7150,19.861111,3.3346263019084006,13.837463780346354,34.14066816305628,113.0799090933962
7151,19.863889,3.325362003576517,13.849015791341724,34.22017521273962,112.27394834852493
7152,19.866667,3.3048886626893186,13.850101428650323,34.347377236470116,112.209073933267
7153,19.869444,3.2844223070938163,13.851188704987244,34.474507892030836,112.14429686929041
7154,19.872222,3.293678854497381,14.469146354233938,33.311464635195684,112.60898496641343
7155,19.875,3.3029349001384603,15.098194398986113,32.134831333682094,113.07660100024529
7156,19.877778,3.3121904437803753,15.738487870373845,30.944541018254654,113.54705419978063
7157,19.880556,3.302713082639741,15.758487047248412,31.16311260318016,113.47909636547521
7158,19.883333,3.2932382387474437,15.778546991870154,31.381044406381072,113.41251055010402
7159,19.886111,3.283759089573117,15.79868256201614,31.598486623768004,113.34725877002018
7160,19.888889,3.2926567225946552,15.827248119547406,31.707021843480163,113.2533601044381
7161,19.891667,3.3015539622127807,15.855821239721884,31.8155325005852,113.15948211909907
7162,19.894444,3.330849881881454,15.903284035484322,31.88961226953817,113.80310840114603
7163,19.897222,3.3132377268722806,15.915840513053464,31.943846840083552,113.40586133424492
7164,19.9,3.2956255154291565,15.928404073264897,31.999235463213033,113.00491561323815
7165,19.902778,3.308127837599393,15.96188090116862,32.071515003255065,112.93511858591023
7166,19.905556,3.3206293778366724,15.99537230238683,32.143827805036786,112.8652784147508
7167,19.908333,3.333125635785821,16.028866219654663,32.21614732146994,112.79542074633277
7168,19.911111,3.3192488992160474,15.376116654461711,33.49574290850483,112.21676693105546
7169,19.913889,3.3053730327606043,14.73721027346771,34.760400331361936,111.63922927254825
7170,19.916667,3.2914980373275533,14.111862418372151,36.010256798002985,111.06295515727136
7171,19.919444,3.3159655310056273,14.143509312748591,36.084464248289706,111.01909051035796
7172,19.922222,3.2553596541859644,14.11698089118271,36.16316347689438,110.9527086757081
7173,19.925,3.1947348755924896,14.090453394506206,36.24186708017221,110.88631233372357
7174,19.927778,3.212506926406764,14.115903343238607,36.158914029011065,110.87238461482353
7175,19.930556,3.230278041988239,14.141357333069429,36.07585660760737,110.85888680857646
7176,19.933333,3.2480418243242575,14.16680619923876,35.9927247766581,110.84582197668134
7177,19.936111,3.2258242828402057,14.17891679520864,36.71219151761872,110.59936836653605
7178,19.938889,3.2308698037200845,14.19484231082642,36.796587007493045,110.5383489186954
7179,19.941667,3.2359143119223166,14.210770052451394,36.88097849360871,110.4773038484401
7180,19.944444,3.250167180877911,14.236147814646213,36.408037717924834,110.5937899738681
7181,19.947222,3.2704176073085076,14.263336426517942,35.86236274059139,110.73257461336672
7182,19.95,3.290666703791052,14.290527344968385,35.3140387328995,110.87979034579969
7183,19.952778,3.271831382101336,14.288762356040007,37.32307817693985,110.10424046373018
7184,19.955556,3.287897155403824,14.280588466881628,37.46083391087986,110.37190898525846
7185,19.958333,3.303957346591714,14.272474629034374,37.5967149956983,110.63719565899807
7186,19.961111,3.320482795004999,14.30105837065928,37.766837128152055,109.79781679094394
7187,19.963889,3.3165391529542543,14.338846673679317,37.83664087400482,109.77417327090808
7188,19.966667,3.312594995494358,14.376635246081719,37.906512567882764,109.7505949066093
7189,19.969444,3.4718159612093906,14.493130935877346,37.463353388762116,109.78067631464964
7190,19.972222,3.4651161802250847,14.505094828158786,37.857028382642866,109.59750723566357
7191,19.975,3.458414913419821,14.517064014420843,38.24989499326413,109.41656373415842
7192,19.977778,3.439499955924253,14.420338240247009,37.84262335564205,109.5670699916813
7193,19.980556,3.414885287787511,14.42785084798453,38.218226504092854,109.40815098407552
7194,19.983333,3.390278073013297,14.435367837317628,38.592837193995386,109.25172545571787
7195,19.986111,3.3866908708240775,14.452370677767309,38.71232030670086,109.19289494876105
7196,19.988889,3.3831018503967982,14.469380540891809,38.83169190747765,109.134215264085
7197,19.991667,3.3795110119698624,14.48639743331205,38.95095074159905,109.07568746394082
7198,19.994444,3.3454053587559454,16.778836012265327,34.996611130318186,110.67712534212025
7199,19.997222,3.3630415832026586,16.819301740496748,35.072898745394475,110.61418753116551
7200,20.0,3.3806761474531353,16.85978325980834,35.14912971837527,110.55127157999131
7201,20.002778,3.3463196448100323,16.88104546252564,35.21539610241087,110.4897885568776
7202,20.005556,3.338670998990322,16.88796677893011,35.340173062384345,110.4182506968553
7203,20.008333,3.3310259865455265,16.894889337036172,35.46480907162207,110.34687685588699
7204,20.011111,3.3560870979868813,16.94717636620799,35.539535547146535,110.27224065498396
7205,20.013889,3.3516961843166193,16.968959525406262,35.61655405701742,110.17237923617073
7206,20.016667,3.347303221742413,16.990751298447528,35.693753740509045,110.07232040171924
7207,20.019444,3.3714887946003245,17.01206546908328,35.76749592091678,109.9713038876886
7208,20.022222,3.3533354081570295,17.046955440887725,35.824039655222535,109.9086936970072
7209,20.025,3.3351855525105645,17.081897522967274,35.880522297543365,109.84609340090776
7210,20.027778,3.3771668216871547,17.114935674653672,34.172909774430366,110.37163377705944
7211,20.030556,3.3719049598629827,17.13046614562999,34.26963971173695,110.27758434999508
7212,20.033333,3.3666446642970396,17.145997875745326,34.36642829893024,110.1834684863571
7213,20.036111,3.3661523958626436,17.15530288316174,36.26975130572899,109.55624989095477
7214,20.038889,3.821628584817553,17.173187788351743,36.32731295562263,109.52181173807197
7215,20.041667,3.676450943379436,17.186013840429915,35.86938488708328,109.60763824790745
7216,20.044444,3.5303530416928535,17.198839399322242,35.409178918174334,109.7002838622306
7217,20.047222,3.383221931713196,17.211673703586406,34.94639916091388,109.79972632810127
7218,20.05,3.610220212565542,17.220314791037307,35.58954819477871,109.5229900963934
7219,20.052778,3.8373694959204236,17.22896227368662,36.22985806694344,109.2538259219643
7220,20.055556,4.0646624676670005,17.237616155119373,36.8671791961576,108.99243808177505
7221,20.058333,3.823342804912265,17.232798320108092,36.97326459508821,108.91431875677715
7222,20.061111,3.5865914527792935,17.265845310462545,37.025139006853685,108.93453522745432
7223,20.063889,3.3468853974537183,17.298910124138573,37.07674079580053,108.95485196261856
7224,20.066667,3.295208218918953,17.05796333926021,37.377139973800425,108.8106173389433
7225,20.069444,3.24334359010078,16.81764094095098,37.676957572449545,108.66612341985822
7226,20.072222,3.1912531374513016,16.577768095325474,37.9764102434812,108.5212660759383
7227,20.075,3.373672624253908,16.621025523766775,37.973506213830476,108.68485083602513
7228,20.077778,3.5547949322300063,16.664274906592425,37.970389632921425,108.84753239846407
7229,20.080556,3.7346323627023708,16.707516244383392,37.96706344455904,109.00931384165384
7230,20.083333,3.5878110490189155,16.740130514150366,38.06166902191827,108.72500583713061
7231,20.086111,3.4396685833432823,16.772762722823273,38.15736646092102,108.43860924893002
7232,20.088889,3.290245074965112,16.805401124836678,38.25413592184418,108.15020764744061
7233,20.091667,3.2392116619704776,16.791237123321483,38.34120147957312,108.09450030412535
7234,20.094444,3.310062915067469,16.719911057404456,38.42544694468578,108.0322384374535
7235,20.097222,3.3792277907433252,16.64859215804012,38.509642907418794,107.96999557948241
7236,20.1,3.3869171746289624,16.666650071349718,38.58078062869422,107.86959220681295
7237,20.102778,3.39467531157338,16.685933152055654,38.63915476172845,107.8181425355931
7238,20.105556,3.4024328903651657,16.705218260786967,38.69747804464225,107.76671942563775
7239,20.108333,3.2531181093774073,16.72605992629057,38.76449990958938,107.68645515412439
7240,20.111111,3.1024448884519824,16.74691176863082,38.83161898326056,107.60608663265366
7241,20.113889,2.9504525866495257,16.767766282011628,38.89881091115817,107.5256429856929
7242,20.116667,2.9598013678444666,16.787505827735774,38.985046809270806,107.4535083381569
7243,20.119444,2.969146762015219,16.807240204723218,39.071271682890085,107.38138800582723
7244,20.122222,2.978495499917127,16.826983624816464,39.157547026703504,107.30923064604872
7245,20.125,2.979364758376846,16.84530121438715,39.215132404275685,107.23046924574312
7246,20.127778,2.980233525240237,16.863623285648867,39.272727872107026,107.15169719939279
7247,20.130556,2.9811018004681653,16.881949838629513,39.3303331993138,107.07291473366239
7248,20.133333,2.964319758712879,16.903135243645114,39.38678963387476,107.01576306501991
7249,20.136111,2.9617213810874468,16.912212199382417,39.46518703818236,106.95731141035463
7250,20.138889,2.959122310579996,16.921290352861302,39.543581535509546,106.89883632477223
7251,20.141667,2.962331911709425,16.93815766131029,39.64319095996601,106.78742769398036
7252,20.144444,2.96554003395687,16.955022460055886,39.74290004432592,106.67592127656829
7253,20.147222,2.9687489878010247,16.971896895442402,39.842779980222915,106.56423738652703
7254,20.15,2.9699021548606677,16.995541162498263,39.881046019877076,106.49103542927526
7255,20.152778,2.9710548122373552,17.019195553810818,39.91931443640489,106.4178284361321
7256,20.155556,2.9722069598905634,17.042860072443602,39.95758510970581,106.34461652012294
7257,20.158333,2.973376912228911,17.067403728921473,40.00683527277753,106.27336620294479
7258,20.161111,2.97454713067728,17.091965461428664,40.05610364524018,106.20208103818725
7259,20.163889,2.9757171938842593,17.116536433496233,40.105372279109616,106.13078689368325
7260,20.166667,2.9735571148622544,17.130445156086136,40.192807563008394,106.1289832372346
7261,20.169444,2.9713977475978215,17.144355144700235,40.28001333362981,106.12741634599512
7262,20.172222,2.969237536913459,17.158276419885357,40.367052307635944,106.12608460413215
7263,20.175,2.973391540155788,17.1929094841294,40.39538252734189,106.07216111006599
7264,20.177778,2.979969814073476,17.213577915963256,40.44856160679307,105.95125951930835
7265,20.180556,2.9865476080651074,17.234252890532485,40.50193798847158,105.83009534542785
7266,20.183333,2.9792325717162402,17.251026618184497,40.55359171444203,105.7952932821586
7267,20.186111,2.971915653689921,17.267816463031256,40.60519206352656,105.7604963605654
7268,20.188889,2.9645994884802533,17.28461639363829,40.65672031157951,105.72571728721063
7269,20.191667,2.961343202342597,17.309992764075375,40.730780770856995,105.67113610873572
7270,20.194444,2.9580867541267857,17.335366908093437,40.804770659393775,105.61662091500109
7271,20.197222,2.954827798564933,17.360757098019185,40.87874276158801,105.56213291169405
7272,20.2,2.948073533163111,17.371067089261114,40.941452084669926,105.4758703887036
7273,20.202778,2.941319245172716,17.3813831041289,41.00428092737755,105.389463985112
7274,20.205556,3.61828183193289,17.415713435756413,41.034708170060426,105.36002571892851
7275,20.208333,3.62162369125285,17.450205534964674,41.05975225618134,105.26954103959933
7276,20.211111,3.6249655451254483,17.484722794704382,41.08481617190283,105.17906150581291
7277,20.213889,4.240713671609834,17.54103996167528,41.11122870570067,105.12328336952474
7278,20.216667,4.239137270974728,17.582886362793523,41.16289238303657,105.10548763817461
7279,20.219444,4.237560592286275,17.624726887879238,41.21451092192748,105.0877414770416
7280,20.222222,4.261045873849225,17.72065284352503,41.15565468298742,105.10853469763147
7281,20.225,3.8131781551363186,17.75119776517665,41.21267547878892,105.07178464925597
7282,20.227778,3.369843632006436,17.78174935323239,41.26976668949225,105.03502213167793
7283,20.230556,3.3693258154321626,17.802589518402478,41.31497929597162,104.98359201199946
7284,20.233333,3.3663778968327733,17.823115522998062,41.37144527161116,104.90519879397625
7285,20.236111,3.3634279675276115,17.84365320051887,41.4280104978533,104.82669257628046
7286,20.238889,3.3398396519241924,17.851894785023788,41.45354583665988,104.8418467262486
7287,20.241667,3.3455524868444257,18.273531229942503,41.16479647127867,104.72071862231522
7288,20.244444,3.3512625729719634,18.68984595066264,40.882733585571465,104.59822544007221
7289,20.247222,3.353158125415561,18.689704712373604,40.95197881875566,104.55234698419811
7290,20.25,3.7720031345106992,18.713865590702824,40.99967144936776,104.50900045836033
7291,20.252778,4.195099932429455,18.73802523974759,41.04738990065895,104.46564993811921
7292,20.255556,4.195592095316126,18.759217120103205,41.103219769739326,104.42741082643315
7293,20.258333,3.982759907051207,18.34864808482624,41.362220108231305,104.36166908911105
7294,20.261111,3.771506332592404,17.935925086239234,41.62498234143792,104.2958888282185
7295,20.263889,4.225323615348579,18.82323200134602,41.258575589521875,104.23674713062688
7296,20.266667,4.214121954052056,18.823357807187854,41.32018136396601,104.1752768524526
7297,20.269444,4.202925790908006,18.823483568316906,41.38177041776473,104.11382311591737
7298,20.272222,3.9064132830684546,18.572089577420613,41.67489982119318,104.05182223186911
7299,20.275,3.6117533675335345,18.31858643536416,41.969905950131526,103.99004830831936
7300,20.277778,3.3189444801858254,18.062957874898803,42.26680703033819,103.92849939151436
7301,20.280556,3.3222342988187528,18.075789013927828,42.3435521161288,103.86477482805464
7302,20.283333,3.302370779567486,18.071475995800423,42.44416166593964,103.77476491823737
7303,20.286111,3.2824980793179765,18.06716320139498,42.54477900208145,103.68474713197448
7304,20.288889,3.2750916553792493,18.075529370565196,42.53506575550334,103.89636452532079
7305,20.291667,3.2676839296977302,18.0838986276461,42.52535380210249,104.1068547566069
7306,20.294444,3.26027756906009,18.092267959006616,42.51564658448216,104.31614605289562
7307,20.297222,3.1358010281773634,18.117882559008258,42.55756835614302,104.26545628596064
7308,20.3,3.0105323799583648,18.143503549916964,42.59949406662935,104.21475524500434
7309,20.302778,2.8844657621401275,18.169130931681504,42.64142357416844,104.16404307139977
7310,20.305556,2.875925996759671,18.174195428550398,42.70767141892135,104.10360825442082
7311,20.308333,2.8673876800109355,18.179259811433745,42.77390596257248,104.04317642857448
7312,20.311111,2.858844662065575,18.184327728034514,42.84017467520217,103.98270430687366
7313,20.313889,1.61407878842226,17.676839493226367,42.89735789631122,103.93780420074643
7314,20.316667,0.38394725277781205,17.1429226847249,43.00092695202814,103.86492317545131
7315,20.319444,359.1552063948428,16.59850745025587,43.10449169760709,103.79206927364075
7316,20.322222,359.9361048120316,16.93667169671165,43.120749831598204,103.75350781857422
7317,20.325,0.25033647122741165,17.12781849355018,42.39918465659487,103.56114541222631
7318,20.327778,0.5645012422714437,17.318636798813426,41.65957682385075,103.39734554751806
7319,20.330556,0.8305620158393658,17.431377816695807,41.69790589251844,103.35669627877061
7320,20.333333,1.1395565516024373,17.61032695799653,41.753304816758,103.28729235155815
7321,20.336111,1.448607063408259,17.789047394142454,41.80875452700815,103.21785036128004
7322,20.338889,1.7315124629179603,17.951183074168213,41.848595672597156,103.17240943193795
7323,20.341667,2.022072281059229,18.11499372463268,41.859167922145936,103.13358350241784
7324,20.344444,2.312408028748653,18.27842127639969,41.869770876024965,103.09475104576012
7325,20.347222,2.895841474810675,18.088693392318298,42.71758550628033,103.06151519475057
7326,20.35,3.481322910403833,17.897016450087634,43.55576758946015,103.046947139609
7327,20.352778,4.068716166215722,17.703347116897245,44.3844753025318,103.05085982301362
7328,20.355556,4.080153046352333,17.72719485045241,44.454085408019466,102.9940376921639
7329,20.358333,4.016881801558654,17.722984866760847,44.53526398891307,102.92924758649649
7330,20.361111,4.024903507628055,17.757292350695874,44.61078762433552,102.85280568021278
7331,20.363889,4.020162294557171,17.806084163416084,44.67299217537529,102.77131937579207
7332,20.366667,4.015420456322712,17.854894790857355,44.73523106941532,102.68978688172311
7333,20.369444,2.576408673544341,17.867923686938592,43.281047474649135,102.38989098307196
7334,20.372222,2.5529322667930074,17.90218236515396,43.337832133581486,102.31183634702897
7335,20.375,2.5294510229427427,17.936452789254883,43.3946818381483,102.23370413115276
7336,20.377778,3.8953314570380915,17.97040228600598,44.99091734624724,102.40392200456732
7337,20.380556,3.2090887025189474,17.994858033023565,44.450078451199246,102.14951507033673
7338,20.383333,2.5242326091223717,18.019309037062637,43.89627668316704,101.91538618368799
7339,20.386111,2.529343240031766,18.04760687202882,44.399401655596954,101.94753917524396
7340,20.388889,2.5344533415663957,18.07591265760586,44.89449742731221,101.99136983676875
7341,20.391667,2.539562912304426,18.104226399817033,45.38167126544637,102.04670405486743
7342,20.394444,3.9083363083625713,18.111444824985238,45.51288954037993,101.95281773704431
7343,20.397222,3.2235261754808118,17.64637831116574,46.43226166946053,101.51566936714241
7344,20.4,2.5400094365507595,17.189216699604604,47.34198915715706,101.0802679814099
7345,20.402778,2.54122286027534,16.738532244787617,48.238775615504565,100.60256596640193
7346,20.405556,2.5441973632200483,16.2910305474834,49.11254453904256,100.1844745992448
7347,20.408333,2.547165228326211,15.851203445071711,49.976886002006495,99.76813380297907
7348,20.411111,2.544403010862517,16.126590958626917,49.20541030129547,99.7460028484116
7349,20.413889,2.541635988197765,16.4042289008651,48.42181676507754,99.73748723999157
7350,20.416667,2.53886416189696,16.684136249850233,47.62589029451587,99.74283513803445
7351,20.419444,2.521624133820607,16.936821922786752,48.66466411389821,100.12631491484231
7352,20.422222,2.5031298054013256,17.191663604814597,48.340484104977634,100.23728948487194
7353,20.425,2.4846378833568323,17.44876161037954,48.013904966350694,100.34841063226004
7354,20.427778,358.67924593366354,16.03150436234102,47.666391858967145,100.47926559322649
7355,20.430556,358.67438394045934,16.30508224417701,47.30913619894231,100.5907566169174
7356,20.433333,358.6695226679245,16.580885496817867,46.949473717633694,100.70241863806302
7357,20.436111,2.3984941986358876,18.53094511263729,46.57376507293816,100.80651345586368
7358,20.438889,2.4090312205569084,18.563816778596646,46.6426074580685,100.72665974779252
7359,20.441667,2.419572912024581,18.596692125175835,46.71144740972608,100.64680602428118
7360,20.444444,358.6042526339193,16.936862939299907,46.7641832685606,100.58654391913696
7361,20.447222,358.5877632346929,16.974182217922102,46.85343978891375,100.5047385284575
7362,20.45,358.57126486306026,17.011505376434467,46.94268704065465,100.42298715750978
7363,20.452778,359.8203936233851,17.59844162116023,46.99151794312944,100.36839753349948
7364,20.455556,1.0700129424376126,18.174485661514627,47.0403660496838,100.31378722700278
7365,20.458333,2.3199627811720305,18.73963574911627,47.08921364397209,100.25917602982447
7366,20.461111,2.3262068120503194,18.760248582371446,47.14001896457401,100.1896005568117
7367,20.463889,2.332449528937513,18.780863384170182,47.19084340521647,100.12000849172173
7368,20.466667,2.33869093103276,18.801480154632646,47.24168684700557,100.05039994855555
7369,20.469444,2.348087022155342,18.818050410340735,47.305558723880225,99.9775332937899
7370,20.472222,2.351031649079184,18.82111553797496,47.36703222517238,99.92331464064662
7371,20.475,2.353976524179984,18.824177315016176,47.42849496346729,99.86910969638762
7372,20.477778,3.7774065956171494,18.814301017505315,47.49791991233792,99.80186444600415
7373,20.480556,3.7881482438738026,18.824662044865327,47.59469591994399,99.71965864591147
7374,20.483333,3.798884384173105,18.835017756360894,47.69142296148999,99.63751310333934
7375,20.486111,3.3033020712645804,18.858664577886735,47.71723026971206,99.59441799619452
7376,20.488889,2.8081475016136395,18.882321240271164,47.74303922785751,99.55131078169074
7377,20.491667,2.3134950182759297,18.90598774509597,47.76884977506937,99.50819151918391
7378,20.494444,2.3418371696259186,18.931031562100387,47.808974559326856,99.46655830587687
7379,20.497222,2.3347226032089825,18.939286364472643,47.83728221443489,99.44044558600132
7380,20.5,2.327607698002483,18.9475430754176,47.86559616275747,99.41431612430472
7381,20.502778,2.332984138189989,18.96444482041393,47.89526271041066,99.35710930783915
7382,20.505556,2.3383602944261135,18.98134931632552,47.924934906806214,99.299895931065
7383,20.508333,2.343734231549739,18.99825047665359,47.954602026808615,99.24269663539837
7384,20.511111,2.354935219033191,19.005289698978224,46.64700298847296,98.86537560527206
7385,20.513889,2.362179265406681,19.02096019070281,46.69394405100461,98.79639118613674
7386,20.516667,2.369423298146719,19.036633531622034,46.74090847218649,98.72737217309891
7387,20.519444,2.395474595892395,19.048199990727387,46.78161299696178,98.6783661160912
7388,20.522222,2.367567549712824,19.043624283833175,48.15632360387512,98.93606184660369
7389,20.525,2.372162054183292,19.054634622087278,48.1956287194199,98.88040319488346
7390,20.527778,2.3684609040746754,19.06552995196237,48.23194528523585,98.8204143097187
7391,20.530556,2.3647599434292204,19.076427849509038,48.26827656494876,98.7604024507224
7392,20.533333,2.529630944479532,18.07987688825027,49.1024856458223,98.91823375653462
7393,20.536111,2.693179813357153,17.05218077742043,49.97137781639985,99.07252512840786
7394,20.538889,2.8553610508284386,15.992924482158642,50.87530865230056,99.22333764974475
7395,20.541667,3.1422995910368865,15.993621906234022,50.89574404058234,99.19124197835336
7396,20.544444,3.4318902798473623,15.994320767764187,50.916171913205005,99.15915738432267
7397,20.547222,3.724363416630064,15.995021569846134,50.93660696372889,99.12706077969378
7398,20.55,3.2330695894470605,15.991486333475741,50.953980797115065,99.10289600677498
7399,20.552778,2.7421016359876926,15.987954571786851,50.971351121959714,99.07873313855332
7400,20.555556,2.2515266520882236,15.984426285765267,50.98871792886834,99.05457218435586
7401,20.558333,2.2448352552667323,19.114263127995592,48.49988786545828,98.39529047894099
7402,20.561111,2.235383866192258,19.116677484283837,48.51744696095143,98.34040888146731
7403,20.563889,2.2259339884584577,19.119094057720858,48.53500498863795,98.28558253214467
7404,20.566667,2.2244121364892724,19.122845081725107,48.566619650035676,98.23707296082038
7405,20.569444,2.2263740624612414,19.123284060582236,48.596786990433216,98.20435302500235
7406,20.572222,2.2283377016471704,19.123723814588317,48.62696470706027,98.17162087164598
7407,20.575,2.231055986726936,19.140181738435494,48.6548820711031,98.11430278853082
7408,20.577778,2.2331573250825656,19.13459500751746,48.702755940533194,98.04861690650179
7409,20.580556,2.2352590697250054,19.129008544875443,48.75064345084955,97.98293001194135
7410,20.583333,2.2312761905036425,19.127599534142064,47.3852278740908,97.5834825844185
7411,20.586111,2.2338496456781414,19.122879743250316,47.44688569902469,97.53622130294131
7412,20.588889,2.23642231263368,19.118159635274626,47.50853737483537,97.48898095106641
7413,20.591667,2.232573801608652,19.117271052081,47.55451378451153,97.4414288386734
7414,20.594444,2.250330066877252,19.127527045985563,47.623823552611555,97.37728450778636
7415,20.597222,2.268094604166075,19.137786638161465,47.69313560959928,97.31314810755522
7416,20.6,2.763888034898864,20.130096318737547,48.6954633100479,97.54957171902537
7417,20.602778,2.7604105135730475,19.638984592769074,49.11710229495476,97.12751954759337
7418,20.605556,2.7559659217673147,19.144691571224687,49.545658563774026,96.70210049660093
7419,20.608333,2.301955799537936,19.1527422422222,49.606527906653525,96.60788565635264
7420,20.611111,2.556016711498156,19.207142347362094,49.6533787678099,96.49525499173332
7421,20.613889,2.807366001488857,19.26153006231328,49.70036897219178,96.3824969235844
7422,20.616667,2.801575761144793,19.276372463362264,49.68767203986049,96.54206533491508
7423,20.619444,2.795774525814428,19.291212956254313,49.67499295380192,96.70074864540005
7424,20.622222,2.7899580915614415,19.306062229839455,49.66232239183867,96.8586652654003
7425,20.625,2.4175805579959384,19.37321683345084,49.717752025944336,96.82704301397477
7426,20.627778,2.4191104687220513,19.39353844160899,49.80837594639843,96.75344904164778
7427,20.630556,2.4206402314304487,19.413867600725656,49.899015841927365,96.67986360325229
7428,20.633333,2.4220225147697647,19.43861084538048,49.508192876565786,96.47477326180542
7429,20.636111,2.4234051418758806,19.463373345771686,49.110126403706374,96.28184218644351
7430,20.638889,2.424787614971594,19.488146193912883,48.704782155664745,96.10136163472393
7431,20.641667,2.4203194599006306,19.50611672231823,48.817184079907236,95.99042887792777
7432,20.644444,2.6552265549761174,19.93730356914649,48.68731239240981,95.93526508478632
7433,20.647222,2.8918872770328132,20.366424046235,48.56133494149526,95.88001957149135
7434,20.65,2.8833193012131932,20.388690817349776,48.739671084438754,95.76769612499646
7435,20.652778,3.3581518619839343,20.009717497038658,49.0308900993323,95.68048151518956
7436,20.655556,3.835502247800356,19.628935103043155,49.325461002929515,95.59322560549467
7437,20.658333,3.5317133300269106,19.668775935314905,49.453378938254446,95.52398903694042
7438,20.661111,3.230473659114889,19.708637751082083,49.5812496470264,95.45492542375625
7439,20.663889,2.931877424303819,19.748506189901764,49.70902471962124,95.3860618552697
7440,20.666667,2.926201036459922,19.760166309046017,50.96872042855756,95.7303975864618
7441,20.669444,2.9133807846578836,19.794931289875883,51.08389585251575,95.5950287037952
7442,20.672222,2.9005058924795684,19.829718201754194,51.19909823893522,95.4596137649214
7443,20.675,2.8943645581957647,19.866857199692582,51.32262208602401,95.37279444442285
7444,20.677778,2.8461184828195165,19.864487448108232,52.495997149332496,92.47388237224865
7445,20.680556,2.70444056242755,19.903402953448705,52.308203363182926,93.13185599144849
7446,20.683333,2.562371668898326,19.942354277836706,52.12387301960469,93.77912490420461
7447,20.686111,2.4198097659206628,19.981369632018993,51.942770305456506,94.41633956123393
7448,20.688889,2.3972437764614156,20.01704677647105,52.070132162143054,94.26753706886964
7449,20.691667,2.3849915814350613,20.026348892856195,52.19433291866464,94.20783343719857
7450,20.694444,2.3727819159490107,20.035695900301985,52.31828782613064,94.14840076168767
7451,20.697222,2.348852399272431,20.088520148027342,52.39484740739542,94.15712170410723
7452,20.7,2.3604021786174094,20.119255060567276,52.466442483429645,94.10348583272456
7453,20.702778,2.3720313484368702,20.15001872527399,52.53804079718441,94.04977188173412
7454,20.705556,2.416246893458476,20.21108009650317,52.6490176598341,93.92940074435478
7455,20.708333,2.460441390715932,20.272144810264184,52.76006613425879,93.80895251291565
7456,20.711111,2.5046466581031517,20.33325683554775,52.87126466925753,93.68834196830709
7457,20.713889,2.487810688102636,20.359064174772172,53.86057567846407,91.35251850120387
7458,20.716667,2.456539277448231,20.372415316781368,53.49076841635021,92.4629709457648
7459,20.719444,2.4252769712976203,20.38577308814561,53.13246002105916,93.54468227667249
7460,20.722222,2.1906859067440507,20.330107701178832,54.14744231886874,91.08943262027555
7461,20.725,2.2708122862929994,20.385162988580348,54.22183844711064,91.02834390754035
7462,20.727778,2.35098557811229,20.44010270982327,54.29622883333812,90.96723853512746
7463,20.730556,2.3371353159716417,20.479716300873157,53.55074992111686,93.11666134415876
7464,20.733333,2.340035383827063,20.515448178827654,53.652207729061914,93.01342131961049
7465,20.736111,2.342935507171097,20.551197906149433,53.75381807059493,92.9100248557658
7466,20.738889,358.49338084478785,18.893948871016654,53.8295797664269,92.80739981300319
7467,20.741667,358.384947442741,18.22054310788559,54.482191005669236,92.72965434624446
7468,20.744444,358.2748035497265,17.55976000193543,55.12044373788751,92.6519300359258
7469,20.747222,2.971555706000311,19.362012093243465,55.12339806048013,92.58150095058872
7470,20.75,2.960376036892093,19.418780986932717,55.18125198367042,92.4519487635405
7471,20.752778,2.9491956304354794,19.475632406826044,55.239193683262485,92.32222011187244
7472,20.755556,2.970286570831874,19.531833384124727,55.29484660019294,92.27444923553806
7473,20.758333,2.9913628741139693,19.58806513285871,55.35030610167338,92.22681858023644
7474,20.761111,3.0124397217599626,19.644368223061758,55.40561169890803,92.17929412811728
7475,20.763889,2.998029540014686,19.69637562207791,55.422325261518935,92.12008060842882
7476,20.766667,3.002774221305158,19.735661301921755,55.46199195886133,92.01819033405619
7477,20.769444,3.007516551571994,19.774980009573184,55.50164944811365,91.91627662928555
7478,20.772222,3.0054707531601306,19.80865632755592,55.53701620981454,91.8374481222268
7479,20.775,3.0074736556335004,19.829431459787948,56.045082804521314,90.60515517516077
7480,20.777778,3.009477113102088,19.850222422076236,56.57030551121693,89.34172117978447
7481,20.780556,1.8544073911431216,19.97009227165953,55.83824398637512,90.04387511493972
7482,20.783333,0.7068358727352546,20.08564771857457,55.110361696203626,90.7346585145303
7483,20.786111,359.56583922395674,20.196821786210737,54.38606252035714,91.41477840437796
7484,20.788889,0.6408610872193687,20.093117111054333,54.92696722064419,91.3455700393244
7485,20.791667,1.7224371126498088,19.985083564145583,55.46713416461819,91.27638341866385
7486,20.794444,2.8103013506175873,19.87289924675052,56.00630906526226,91.20724367422518
7487,20.797222,2.7597702277852854,19.82669201737262,56.04418344259055,91.1362463228202
7488,20.8,2.709251949863093,19.780496336083836,56.08205697021667,91.06526996370869
7489,20.802778,2.658746623106218,19.734312308211727,56.11992958091132,90.99431464554613
7490,20.805556,2.672464228082916,19.730571611034215,57.106155410594425,88.61316093724712
7491,20.808333,2.6663734393211165,19.715541348928124,57.132580116172235,88.55435296131803
7492,20.811111,2.6602388545120377,19.700479968189164,57.15901016354488,88.49554003204362
7493,20.813889,2.6891064980188837,19.71517917610613,57.185370793605756,88.43597557523061
7494,20.816667,2.7179888508437404,19.72988031687017,57.21172665287726,88.37641398309938
7495,20.819444,2.746875515570741,19.74457810071339,57.23806822110967,88.31687673457846
7496,20.822222,2.761517746023932,19.73740605346703,57.27238694412456,88.25744077378981
7497,20.825,2.3809575390006508,19.75759232734439,56.81836475649118,89.34767050813836
7498,20.827778,2.000515265663516,19.777803557734114,56.37728505691615,90.41255762726615
7499,20.830556,2.0335761830382246,19.772468644140474,57.40328864979783,87.98312757186214
7500,20.833333,2.0865814438338575,19.793316875569758,57.431858350317356,87.91560992641561
7501,20.836111,2.139635719358129,19.81418198920207,57.46044667237585,87.8480497466715
7502,20.838889,2.171655856404083,19.828049707097836,57.488222995520786,87.76339638369669
7503,20.841667,2.2036948194732826,19.84192767269397,57.51600739434198,87.67873146945273
7504,20.844444,1.0712705579790551,19.767460368781375,56.794589189083936,88.66290268777912
7505,20.847222,359.9432720064041,19.683786576831174,56.083921380201474,89.62703340702738
7506,20.85,358.81974513428696,19.590700909382466,55.383912757100205,90.57127217946463
7507,20.852778,359.4953483540141,19.873956802909746,55.369412952413825,90.51649918292684
7508,20.855556,359.19044403685984,19.769180159289114,55.48643390287336,90.14020127869114
7509,20.858333,358.8866756453276,19.662233479996612,55.604787755259466,89.76148261298064
7510,20.861111,359.12435374022175,19.738008606729704,55.605210193144785,89.75611851265555
7511,20.863889,359.36336518507045,19.813016833617326,55.605625705107244,89.75075568256277
7512,20.866667,359.6037587496586,19.887271463179918,55.60603429341201,89.7453941235588
7513,20.869444,359.10386707222824,20.350104672944997,55.085700194241554,89.722995135108
7514,20.872222,359.0661550012345,19.985030825663554,55.413934568129974,89.71051296023809
7515,20.875,359.0279405012614,19.621709741332452,55.73984003676996,89.69809909705221
7516,20.877778,3.0791363646390355,21.430099107399037,55.73583702123544,90.14071260687518
7517,20.880556,2.338814842667114,21.094142033682378,55.72647485438138,89.89327469587074
7518,20.883333,1.5983521785291046,20.755043859629417,55.71712808835042,89.64565725649601
7519,20.886111,2.8421719314964786,21.279011318954698,55.79371580691141,89.62681080345202
7520,20.888889,2.741709414435883,21.217113437388022,56.30748828943818,88.40404343931438
7521,20.891667,2.641221583080359,21.155184251185222,56.83888260823359,87.1491998195889
7522,20.894444,2.6379771482393686,21.127065562802425,55.90367065117391,89.49565035385396
7523,20.897222,2.347744241057983,20.38998358883898,56.310386588023306,89.76583969000545
7524,20.9,2.056895629091837,19.650183125400584,56.71964154163487,90.0346788412756
7525,20.902778,2.0149057499561884,19.627069085436986,56.63021373948888,90.11363141643999
7526,20.905556,2.2765351539644776,20.327636092618086,56.34241174345763,89.71859273734826
7527,20.908333,2.5376325645536006,21.02540477964742,56.05858379805014,89.32071643195596
7528,20.911111,2.590879752252727,21.040101751726535,56.1298601199358,89.25811870297119
7529,20.913889,2.644030780840156,21.054839834138836,56.20117221224589,89.19549293643509
7530,20.916667,2.6970865129638852,21.069619213109263,56.27251987003815,89.13283934552308
7531,20.919444,2.7216034035886096,21.068665744520516,56.306066701010664,89.190849574066
7532,20.922222,2.680697918408571,21.036053140214666,56.32880653352848,89.17188375590284
7533,20.925,2.640021600631565,21.003644731990068,56.35155017173783,89.15289483894013
7534,20.927778,2.6354677658403087,20.987459885202696,56.36552757821214,89.10941513697884
7535,20.930556,2.6297693937624427,20.988599236388964,56.39506565478557,89.0815902952595
7536,20.933333,2.624061523507322,20.989737687350733,56.42459766935886,89.05376262630172
7537,20.936111,2.6237231408836177,20.983052579476492,56.476417715979224,89.01124033754832
7538,20.938889,2.623386829065362,20.976368725247124,56.52825326750089,88.96870570924948
7539,20.941667,2.6230525886251215,20.96968612668089,56.580104197603475,88.92615886606676
7540,20.944444,2.595314801164257,20.95481378012067,56.64903778084758,88.8814679353981
7541,20.947222,2.600130112096684,20.956740056722335,56.739427807875884,88.82984106471837
7542,20.95,2.604943423269109,20.958668718594264,56.82981924985461,88.77825103759022
7543,20.952778,2.142606375242501,19.569877152774087,57.788031884718876,88.73815534108624
7544,20.955556,2.1615547266098094,19.58541046352692,57.82233844302833,88.69873238882144
7545,20.958333,2.1804969755231856,19.600951800504493,57.85663420861147,88.65930080703171
7546,20.961111,2.205300329678451,19.62404277148499,57.96029588110585,88.55368422092367
7547,20.963889,2.224556694965454,19.64060760587916,58.00723225346566,88.51169491177758
7548,20.966667,2.24382164224566,19.657179045715896,58.05417640807303,88.46968642370496
7549,20.969444,2.3359244655505904,19.74272502736576,58.09014882928038,88.51368993276809
7550,20.972222,2.386066253132551,19.773981729343078,58.15776107210971,88.39531925094884
7551,20.975,2.4362007151262066,19.80523850631675,58.225523819058125,88.27678678352815
7552,20.977778,2.5277820285941264,20.245076340289057,57.9274604697265,88.21826610627379
7553,20.980556,2.618722463692883,20.689546810734964,57.62414184472739,88.15971069949731
7554,20.983333,2.7089984984838686,21.138576340255398,57.31559969215854,88.10114190247418
7555,20.986111,2.734976504167749,21.15157555411236,57.359755128517975,88.6103430214839
7556,20.988889,2.156842087654937,20.898452122335858,57.480856601298925,88.2792128280724
7557,20.991667,1.5784126030766856,20.64408604031076,57.603264273439265,87.94618575014564
7558,20.994444,1.5727270967021862,20.66052245091781,57.6723966307721,87.87265334741949
7559,20.997222,1.5670398908480418,20.67696891293342,57.74160522501231,87.79904332497703
7560,21.0,1.5613530329144005,20.693419505557483,57.81086480868889,87.72538251762678
7561,21.002778,1.5564723324584477,20.712362380009054,57.79729866097918,87.93374700404368
7562,21.005556,1.5515919426988933,20.731309363448716,57.78368025855792,88.14119525495066
7563,21.008333,1.54374215077938,20.754540174787213,57.90551982665181,88.0438868166874
7564,21.011111,1.5358896500315407,20.777784354674573,58.02719435510875,87.94681406838889
7565,21.013889,1.52803726729082,20.801033530687363,58.14865844683014,87.85001365428319
7566,21.016667,1.5501434192995607,20.86312409272023,58.18654672601926,87.78410643574763
7567,21.019444,1.5722403676317835,20.92518055177003,58.22445681052665,87.71818829858339
7568,21.022222,1.5943440243739655,20.987247539535282,58.262415700941176,87.65221213368865
7569,21.025,357.5778858473688,19.571120441995088,58.346035745368624,87.56927562830639
7570,21.027778,353.6224054829055,17.680448347931037,58.429664764205654,87.48633511967859
7571,21.030556,351.1685155309088,15.041834827943347,58.51330201045114,87.40339135710309
7572,21.033333,351.17898713762463,15.065596242335953,58.60492217026568,87.17803128790072
7573,21.036111,351.1894615625582,15.089369579082174,58.69729414392265,86.95168832200588
7574,21.038889,351.19993503454793,15.113146272431688,58.79039074296102,86.72443810804718
7575,21.041667,2.58931109005373,21.64341255473931,58.87321385689398,86.63678605144943
7576,21.044444,2.5753019585762544,21.65794262369863,58.95734544145503,86.5408805800418
7577,21.047222,2.561289772362686,21.672480413125818,59.04157502258364,86.4448695956588
7578,21.05,2.562391173877435,21.701701704969313,59.11396184839508,86.5000306262017
7579,21.052778,2.5634934043439497,21.730924099112194,59.18581186492206,86.55553572072012
7580,21.055556,2.564596463556425,21.7601475894716,59.25712917784632,86.61137915477666
7581,21.058333,2.548327967988193,21.785421979334757,59.358576326300906,86.02244323823507
7582,21.061111,2.5470424684251824,21.80919147252253,59.40266649090918,86.20625486362641
7583,21.063889,2.5457576016621566,21.83296534162832,59.446170585118296,86.38996766240969
7584,21.066667,2.5530785536305487,21.893632788793063,59.54207937176642,86.27267636577228
7585,21.069444,2.5542214036595645,21.916728541547176,59.678731051639744,85.91387303015878
7586,21.072222,2.555364551100208,21.93983631392245,59.81689948750305,85.55285638502842
7587,21.075,2.5621540620414986,21.966022430703664,59.85785867612164,85.64002582010451
7588,21.077778,2.568943014207674,21.992211185281658,59.89844367082273,85.72727100543116
7589,21.080556,2.575731407481488,22.01840257385201,59.93865775268384,85.81458760874928
7590,21.083333,2.5585901599645666,22.036709773355334,59.90856997359971,85.78546626861234
7591,21.086111,2.5759420249550384,22.070868923385774,60.043618887614656,85.70113349046662
7592,21.088889,2.5932928014848535,22.105029364285066,60.17834609333613,85.61721927070187
7593,21.091667,2.598555569554808,22.130207453274476,60.19145578175994,85.54161037655281
7594,21.094444,2.6038552499299428,22.155391044335985,60.204636703082656,85.46599673172858
7595,21.097222,2.6091957677584983,22.180598217681876,60.21789855678912,85.39032360431302
7596,21.1,2.622393837358537,22.204456622002674,60.390681671914436,85.09298431062527
7597,21.102778,2.635591270981921,22.228316122643093,60.564445292074,84.79428584324141
7598,21.105556,2.6487880681441087,22.25217671759061,60.739193071076016,84.4942234353291
7599,21.108333,2.6519109010865574,22.264930469983426,60.815682269053056,84.42617017000832
7600,21.111111,2.63791451746094,22.25556449118263,60.88593580133549,84.60706652908563
7601,21.113889,2.623917782421236,22.246198083106098,60.955553329912945,84.78822649499459
7602,21.116667,2.619361096106468,22.274088716318538,61.10299196076022,84.0988135929883
7603,21.119444,2.6313843855436687,22.286027417659085,61.112504882408274,84.3426723891521
7604,21.122222,2.6434125944023155,22.29797152970108,61.12186135103536,84.58583096052301
7605,21.125,2.6519157387609695,22.303859458980966,61.23713244145365,84.48017404460447
7606,21.127778,2.6604184873698955,22.309747980370357,61.35235563502728,84.37457034575233
7607,21.130556,2.668920840313822,22.315637093926348,61.46752996976285,84.26902082878352
7608,21.133333,2.7007253684096657,22.330324609974053,61.54188175284919,84.19160114741274
7609,21.136111,2.695093644604995,22.334873512518143,61.6772701842835,83.77415734914551
7610,21.138889,2.6894618409639985,22.339422258802536,61.81434726724923,83.35415016524483
7611,21.141667,2.7158272896444,22.359585977270314,61.83244756416893,83.49497177692258
7612,21.144444,2.742181888683623,22.379744034924045,61.850349544212094,83.63550219360306
7613,21.147222,2.768544615095445,22.399910948633043,61.868067914892464,83.77583946336729
7614,21.15,2.730714628786865,22.390916821956424,62.05964915153096,83.09233856297205
7615,21.152778,2.747024033109996,22.402767554148348,62.146500758296796,82.9987174271682
7616,21.155556,2.7633334111671104,22.414617412398385,62.23333177711251,82.90511756441167
7617,21.158333,2.783671018599387,22.438821283151356,62.24630224302818,83.10663122079288
7618,21.161111,2.8040156205103646,22.463039353888096,62.2589919258226,83.3079633915369
7619,21.163889,2.8038569815227152,22.487106142630566,62.500623052627944,82.56568896423671
7620,21.166667,2.814085942002915,22.503898162298057,62.46991605099119,82.82572015314634
7621,21.169444,2.8243126391858286,22.52069009579636,62.43936004513026,83.08453277144298
7622,21.172222,2.8077980180016073,22.526849666727635,62.57234521350122,82.99394911180522
7623,21.175,2.841828007203489,22.55988828508181,62.652379981005396,82.61155643285511
7624,21.177778,2.87585356290953,22.592929468696,62.73341197840813,82.22709710623516
7625,21.180556,2.895056768234122,22.61283843739838,62.704772215641,82.7240806195467
7626,21.183333,2.8897936415873975,22.613730375105007,62.821691248584045,82.35355631528775
7627,21.186111,2.8845267493622178,22.614617662402555,62.93997943982096,81.98220364878625
7628,21.188889,2.9064288651871273,22.620374245022695,63.06978421312168,81.80011759607588
7629,21.191667,2.9116967820375876,22.642415761945,63.14738608352347,81.70550042896988
7630,21.194444,2.9169622139751077,22.664449162357162,63.22489585947889,81.61098221819236
7631,21.197222,2.930444042949249,22.682748945908497,63.26532679312159,81.54408907137454
7632,21.2,2.9342660132133744,22.700282267946754,63.22100672720575,81.7787874663636
7633,21.202778,2.9380879195606937,22.71781440030447,63.17693158249665,82.01251405996567
7634,21.205556,2.9564508584094806,22.735990034495707,63.221213441615475,81.94135061380224
7635,21.208333,2.9748066097549906,22.754159782387813,63.26549916120352,81.870191527274
7636,21.211111,2.993168392050139,22.772336728634176,63.30982053502923,81.79898565521202
7637,21.213889,2.9882452527507954,22.78176730084425,63.338013044416485,81.72512000176232
7638,21.216667,2.9833229410814113,22.791199320180365,63.366265393541426,81.65117945046588
7639,21.219444,2.978403228502758,22.80062938853345,63.394567459355216,81.57719058830958
7640,21.222222,2.9822618147726914,22.80961577921898,63.500409513798715,81.51112971902363
7641,21.225,2.9861220274355276,22.818599866029242,63.60601992348262,81.4454761097668
7642,21.227778,2.9899838667506167,22.827581648336253,63.71139837057048,81.38023084629233
7643,21.230556,2.9872306582917485,22.840720230304,63.75045642835222,81.37649246060586
7644,21.233333,2.984478489059523,22.853855860183067,63.789494814747144,81.37251402492382
7645,21.236111,2.9817253769332623,22.866997996501297,63.82854155124865,81.36829448452407
7646,21.238889,2.983600317552904,21.960363190985465,65.16113172166467,80.78840130220743
7647,21.241667,2.990124755032763,21.082385649472844,66.55670051532886,80.16594217514539
7648,21.244444,2.996646680440607,20.22803035512033,67.92094982501774,79.55110495765341
7649,21.247222,1.6269946878149213,19.65927071068579,68.05965010540166,79.24166104495912
7650,21.25,0.2586989406272213,19.078231220058353,68.19925133854139,78.93081933225363
7651,21.252778,358.8914218633106,18.484662468333553,68.3397585069482,78.61857436767534
7652,21.255556,358.8874500535287,18.51622180123129,68.33856381505929,78.61178730477008
7653,21.258333,358.8834814917143,18.54777312254469,68.337344389885,78.60506887992733
7654,21.261111,358.8795133187006,18.579339142030815,68.33609937821447,78.59841438391216
7655,21.263889,358.88788202093934,18.62106501031498,68.34938833154932,78.55146356402777
7656,21.266667,358.8858495212836,18.642105243783163,68.38335009911252,78.47868405694717
7657,21.269444,358.88381845099195,18.66313309562673,68.41734337080022,78.40588757486523
7658,21.272222,2.9701643355498053,20.50611573018406,68.44436732836675,78.33967149407046
7659,21.275,2.976951558583224,20.533634903483,68.52786507026394,78.198596424458
7660,21.277778,2.9837384524714547,20.561149770237414,68.61152201286275,78.05732429962171
7661,21.280556,2.97243328138023,20.57558234940675,68.44955747398276,78.71769585955404
7662,21.283333,3.000729192950301,20.6774856853575,68.40922611488801,78.6460754132758
7663,21.286111,3.029032548284258,20.779350038475666,68.3690024631481,78.57441697341983
7664,21.288889,3.024866164420702,20.799580228306944,68.47152428262295,78.5559452753463
7665,21.291667,3.0177274362453517,22.147248132103982,66.52340601289562,79.25620761783314
7666,21.294444,3.010589918663989,23.548890005812794,64.50792298910683,79.9692156740547
7667,21.297222,3.0068267770774515,23.569913849479164,64.72034387288191,79.09619093501401
7668,21.3,3.0163489959842416,23.595100697364796,64.75234349773535,79.04877966054282
7669,21.302778,3.0258699241131826,23.620281905419976,64.78435253420511,79.00136321345366
7670,21.305556,3.0174711444411777,23.653498779578698,64.75612940642198,79.16505699978484
7671,21.308333,3.0090741275994795,23.686682711313907,64.72794333044317,79.32833961810921
7672,21.311111,3.000672827530563,23.719857611557927,64.69977393889616,79.49132722461322
7673,21.313889,3.0272965711893,23.756936005766285,64.85006467861186,79.11703588342228
7674,21.316667,3.0539185659402026,23.79400682638248,65.00220709979232,78.73953861556124
7675,21.319444,3.055409688289922,23.81727332722201,65.0436157436254,78.66121499078473
7676,21.322222,3.056901857991159,23.84054390321129,65.08505190740519,78.58285617011612
7677,21.325,3.058394538022979,23.863810173889703,65.12650056450012,78.50449048035847
7678,21.327778,3.079294151617301,23.894916159400942,65.1214503550756,78.6629393151441
7679,21.330556,3.1001941049199733,23.92601655669894,65.11631908527987,78.82123904270946
7680,21.333333,3.121086872904364,23.957100170761727,65.11110949719055,78.9793293436075
7681,21.336111,3.1266467467732344,23.992235875342487,65.13308955881492,78.90170308844421
7682,21.338889,3.1322077188632473,24.027367369532165,65.15513397744638,78.82402881422794
7683,21.341667,3.1377697880875957,24.062494646262465,65.17724282380763,78.74630647120242
7684,21.344444,3.123021777192969,24.098006253048368,65.21824280124606,78.67199277126373
7685,21.347222,3.10827043110862,24.133523170167884,65.25929833315602,78.59763432159802
7686,21.35,3.09352106759434,24.169032598482517,65.3003945018225,78.52325798813548
7687,21.352778,3.0869900347620405,24.190241257098364,65.39287220577691,78.49220978725285
7688,21.355556,3.08046100305439,24.211446123987265,65.48515373740645,78.46158934276673
7689,21.358333,3.073936323024091,24.23263956843448,65.57720584320839,78.43140837287993
7690,21.361111,3.0699922757477776,24.258895755785666,65.6206784921287,78.33293190962979
7691,21.363889,3.0380779787000325,24.28031455106813,65.6638050627503,78.26727358243669
7692,21.366667,3.0061639942487375,24.301729381606876,65.70694893580078,78.20160129274822
7693,21.369444,2.991603401690419,24.338150634723114,65.75715347359285,78.13596575531722
7694,21.372222,2.999102100911223,24.386545765750903,65.92845656170928,77.7248677751819
7695,21.375,3.006592474421085,24.434926680547065,66.10153077208248,77.31139987343319
7696,21.377778,2.9769535683252517,24.461765240545482,66.11206239286052,77.4552321260392
7697,21.380556,2.9473135350925226,24.48859411206739,66.12241169497193,77.5989570421247
7698,21.383333,2.9176830722653158,24.515403644357576,66.13257679399875,77.74251871720885
7699,21.386111,2.907091962644495,24.583768377298,66.28913087390788,77.06181983375306
7700,21.388889,2.8931007738013452,24.623625743016582,66.27878376932222,77.26013221597549
7701,21.391667,2.8791011992691775,24.663476486436437,66.26829005352613,77.4581676602044
7702,21.394444,2.8696951106435584,24.72226355620723,66.3813404243073,77.10641070652838
7703,21.397222,2.8602789690609463,24.781064605994167,66.4954641675423,76.75334145681443
7704,21.4,2.8508561682605453,24.839858418805044,66.61062873024987,76.39908291479834
7705,21.402778,2.8487398653273512,24.893076758154066,66.65176585958467,76.39179840213843
7706,21.405556,2.846619629107659,24.946289679592326,66.69289680549437,76.3846995474913
7707,21.408333,2.8444962261374585,24.999477995414253,66.73400649506071,76.37778952362014
7708,21.411111,2.853680032250045,25.04991546448582,66.59790612832852,76.98002419550511
7709,21.413889,2.8409431060580754,25.100722654406773,66.63067762560713,76.87678728212501
7710,21.416667,2.8282001822424494,25.15152363472061,66.66357807171971,76.77342369050163
7711,21.419444,2.824490317400631,25.20444591757699,66.7370126939112,76.71296516623346
7712,21.422222,2.820777867075938,25.25739190639615,66.81030518747711,76.65274045984687
7713,21.425,2.817064169014399,25.310342507331775,66.88342858170495,76.59277208274801
7714,21.427778,2.8017845700354123,25.365747267015387,66.92645918398757,76.48956744191268
7715,21.430556,2.786504177091407,25.421143415710404,66.96960090181854,76.38625626792309
7716,21.433333,2.7712285045289846,25.476510973488914,67.01283800574787,76.28287599240177
7717,21.436111,2.7296655120153233,25.50216951139536,67.0670750644807,76.18527585724837
7718,21.438889,2.722943557302962,25.56161168803687,67.21070031079935,75.7672141115234
7719,21.441667,2.7162108462574217,25.621048825263657,67.35600214243225,75.3467748661057
7720,21.444444,2.7268087742163587,25.717710063122112,67.31150779521694,75.48075308353657
7721,21.447222,2.737395379739592,25.814343250080505,67.26693955639803,75.61450675611131
7722,21.45,2.747966831661481,25.91091345768197,67.22231447465948,75.74798590872979
7723,21.452778,2.695689511831853,25.956285559099086,67.2600592877451,75.66550896690129
7724,21.455556,2.6433848498522288,26.001621382116568,67.29782675239751,75.58304687153495
7725,21.458333,2.5910717422867933,26.046904604262643,67.33560291021915,75.50062967210675
7726,21.461111,3.01456881836085,26.079341772997473,67.47116823229489,75.16986150223133
7727,21.463889,3.4388312026019214,26.11177375068273,67.60781620468552,74.83753467073983
7728,21.466667,3.8638132472524074,26.14420051103945,67.7455538999265,74.50364245425375
7729,21.469444,3.7829228971226367,26.166212108773557,67.77182861079007,74.43076017816173
7730,21.472222,3.701980572305933,26.188235924099715,67.7981330745862,74.35783573332493
7731,21.475,3.6210155303973686,26.210263993095168,67.82445770265936,74.28489553000908
7732,21.477778,3.629517858109649,26.25798455654673,67.84496236384996,74.22191378665623
7733,21.480556,3.6380159212162493,26.305703799625284,67.86547408992415,74.15892364591437
7734,21.483333,3.6297392021222254,26.353282647547594,67.67734024758008,74.82587323724394
7735,21.486111,2.936137107787223,26.39701111010846,67.79136846945957,74.42641141054528
7736,21.488889,2.2438654441922807,26.44074032961455,67.90672740426099,74.02509417328736
7737,21.491667,2.5778033911619946,26.503212586264567,67.90478886923874,74.12582955226215
7738,21.494444,2.9118078077153786,26.565658812823592,67.9027092974787,74.22662678046794
7739,21.497222,3.2461029207152894,26.62812394724839,67.90048842500143,74.32755600786622
7740,21.5,3.313138524017477,26.698772914012345,68.1082497473804,73.64013388772852
7741,21.502778,2.9581441635876793,26.75393451041547,68.16087308357514,73.53795658722795
7742,21.505556,2.603714726162801,26.80910175120529,68.21354700921252,73.43572249805106
7743,21.508333,2.692104916706988,26.87493681815416,68.10332538625026,73.5958634429383
7744,21.511111,2.780516358964947,26.940799879556288,67.99346383901688,73.75535383592523
7745,21.513889,2.8689171234448363,27.006667156911746,67.8840000496738,73.91413991403373
7746,21.516667,2.904433271269001,27.043315295128735,67.98772493448212,73.79736074069166
7747,21.519444,2.65151195660761,26.977861199725517,67.99584393140627,73.74887463230465
7748,21.522222,2.398710424609856,26.911972984279586,68.00397479449906,73.7003599930173
7749,21.525,2.364580818326038,26.932652195994223,68.30305138937247,73.05685990564811
7750,21.527778,2.3579360072428077,26.954544089308513,68.20094118491878,73.34138149379457
7751,21.530556,2.351292021873407,26.97643158718273,68.0995049503119,73.62463252096313
7752,21.533333,2.3635921937620985,27.023394395170754,68.1022370497547,73.5798963253761
7753,21.536111,2.3566634281389867,27.045386449674652,68.1316287090686,73.53613742415676
7754,21.538889,2.3497337007378682,27.067373178598828,68.16098499354717,73.49242689929929
7755,21.541667,358.6618489766409,25.441464188303065,68.32503085461438,72.83719191675387
7756,21.544444,358.6555615307821,25.464515563045254,68.25444145141937,73.09970854171098
7757,21.547222,358.6492716719373,25.487571538443085,68.18427798337181,73.36161569359625
7758,21.55,358.65297770337105,25.512898369498025,68.2353127888359,73.13582377525631
7759,21.552778,358.6566835965607,25.538219209340795,68.28682509889026,72.90930068862929
7760,21.555556,358.6603893515203,25.56353405360243,68.33881924603592,72.68204362420883
7761,21.558333,358.6584172372525,25.57842388004402,68.28406828264046,72.82646337319198
7762,21.561111,358.6564444432245,25.593315912057783,68.22954566110428,72.9704615689723
7763,21.563889,358.6544716796056,25.60820478622744,68.1752689305536,73.11398839186266
7764,21.566667,358.64524141306043,25.613441289843465,68.13000279605167,73.0101523391639
7765,21.569444,358.6591476642144,25.637206532840082,68.15628727012388,72.9997457899543
7766,21.572222,358.6730597991517,25.660974644376417,68.18249098043744,72.98946103121418
7767,21.575,358.6761990127214,25.6750409033153,68.12024287431431,72.914300554696
7768,21.577778,359.3358657795087,25.712840434821302,68.11310093138208,72.88212089149636
7769,21.580556,359.9979534373097,25.750622124654456,68.10597317216302,72.84994207378513
7770,21.583333,359.99677781553135,25.776909048673375,68.09984935876952,72.81509773583116
7771,21.586111,359.995601681474,25.803187717519492,68.09374495646018,72.78023742546799
7772,21.588889,359.99442545844323,25.8294486672622,68.08766216466665,72.74537369559847
7773,21.591667,359.5715683913191,25.8601576171554,68.07907454708695,72.71502317137275
7774,21.594444,359.14983111527357,25.890846429812598,68.07050079545657,72.68468015572304
7775,21.597222,358.7289536163635,25.921537201057596,68.06193473800867,72.65432279956829
7776,21.6,358.7321290696197,25.95159779505253,68.1243541036502,72.44596489779893
7777,21.602778,358.73530464042676,25.981644765065674,68.18716108110164,72.23699364332062
7778,21.605556,358.73848032878624,26.011678106426558,68.25035751000658,72.02740745622356
7779,21.608333,358.743883027863,26.033728770123062,68.25852461165019,71.96916021207973
7780,21.611111,358.74928801311836,26.055776404895134,68.26672042592313,71.9108658288014
7781,21.613889,358.75469333916203,26.0778130720226,68.27494201055023,71.85254528869157
7782,21.616667,358.7475473224123,26.10089991623228,68.34355245169698,71.71621715519204
7783,21.619444,358.75714766572463,26.132133965946274,68.33624106814423,71.68288824627581
7784,21.622222,358.76675193860314,26.163366825993876,68.32894251820738,71.64954021669543
7785,21.625,358.77189054354074,26.195509267953945,68.02558441572354,72.38948011138922
7786,21.627778,358.78128238555524,26.217595284553383,68.02399046011882,72.36509045491971
7787,21.630556,358.7906741108416,26.239677156172085,68.02239891343203,72.34069997092715
7788,21.633333,358.79504978552603,26.275902695729407,68.00854395385298,72.31815576306293
7789,21.636111,358.85622231504306,26.309560012623223,68.02853987017886,72.27584547271239
7790,21.638889,358.8582077061648,26.340578164345942,68.02466474905076,72.26788419660657
7791,21.641667,358.8601926341901,26.371594900238705,68.02079609676409,72.25992951806022
7792,21.644444,358.8621763849422,26.402599041527452,68.01693530928316,72.25198431448548
7793,21.647222,358.8521509655259,26.41563914678831,68.03830250285931,72.198573680335
7794,21.65,358.85528262001844,26.44613176925442,68.1653131521741,71.77501593623678
7795,21.652778,358.8584136861574,26.47661762493798,68.29369350261473,71.34937435611442
7796,21.655556,358.867509508991,26.51772627316177,68.0681499951223,72.08327697928259
7797,21.658333,358.8589315079964,26.547929021390864,68.059707853437,72.08265985294098
7798,21.661111,358.850351410637,26.57813763448584,68.05125489141606,72.08205388485273
7799,21.663889,358.84419559850704,26.613209184412597,68.05175681556327,72.04063367597351
7800,21.666667,358.8380438622431,26.648270703246354,68.05228710069973,71.99919810645875
7801,21.669444,358.8318984145054,26.683309565118797,68.05284554699742,71.95776210497162
7802,21.672222,358.83624050189894,26.71821239415803,68.04818447217568,71.9235134957307
7803,21.675,358.82542719426345,26.746393366140545,68.12785421183084,71.60394026985608
7804,21.677778,358.8146158863422,26.774572974545144,68.2084316665648,71.28311240320524
7805,21.680556,358.80758513259605,26.809614099397372,68.20934573733376,71.26330567978398
7806,21.683333,358.80055904098987,26.844638451895925,68.21025977912954,71.24350973467836
7807,21.686111,358.7935325522694,26.8796712425548,68.21117444860708,71.2237103259014
7808,21.688889,358.7696056624773,26.913911946035967,68.22763551340807,71.18895619628674
7809,21.691667,358.7343473698531,26.96747219710793,68.22685942971111,71.11829020251697
7810,21.694444,358.6991175600654,27.021024172721717,68.2261229533633,71.04758180449555
7811,21.697222,358.7464372834705,27.077177810219816,67.94243160864903,71.65550881650681
7812,21.7,358.7270960285595,27.126875464713578,68.1087953754911,71.26313948435016
7813,21.702778,358.70775008676554,27.176578851105937,68.27669166657618,70.86838670535323
7814,21.705556,358.67711530505454,27.217802049858264,68.27576131639947,70.80320088961464
7815,21.708333,358.64648615444685,27.25901428392806,68.27482601081344,70.73805450362116
7816,21.711111,358.6158406052786,27.30024520908833,68.27388507744756,70.67290066020301
7817,21.713889,358.6017461364908,27.341971786277355,68.2798020830129,70.63825577450845
7818,21.716667,358.58765845202026,27.38369837869081,68.28571691034726,70.60361478019014
7819,21.719444,358.57358262511104,27.425409945310932,68.29162741841733,70.5689901783889
7820,21.722222,358.5329105548224,27.518306471594045,68.20939982988045,70.54973306582151
7821,21.725,358.52207425129393,27.5753649246996,68.18936479973507,70.5596306947025
7822,21.727778,358.511243963145,27.632427830604954,68.16933152874121,70.56951591813099
7823,21.730556,358.485578554293,27.67772228365215,67.84623642577732,71.21288537019728
7824,21.733333,358.4584911083459,27.73906728417895,67.96836002174618,70.82855902101034
7825,21.736111,358.43142587179125,27.80042280152321,68.09162626170209,70.44253559515117
7826,21.738889,358.4040333093606,27.85855635617564,68.66635873597947,69.3749314096095
7827,21.741667,358.37665060012506,27.916676813169794,69.25134126348489,68.28991559825639
7828,21.744444,358.3492876236378,27.974763195098745,69.84645338679992,67.18767493751596
7829,21.747222,358.35754199144003,28.04967319568037,69.27436326534973,68.21928344912158
7830,21.75,358.3657902403345,28.124554362395514,68.7111184277263,69.2347274619818
7831,21.752778,358.3740323632767,28.199406638335716,68.15658037353379,70.23423003510285
7832,21.755556,358.3557993414159,27.338505468022703,69.48282426860666,69.75313898198539
7833,21.758333,358.3375592786449,26.49554171489209,70.78362723186612,69.27953153743444
7834,21.761111,358.31929904945173,25.669734050873274,72.06021846528792,68.81294845367607
7835,21.763889,358.3708815703869,25.766862777439115,72.08744918737078,68.75960535366966
7836,21.766667,358.39578739731144,25.834503990273284,72.10253835488201,68.71227627472132
7837,21.769444,358.4206321104053,25.90204933487839,72.11765353724493,68.66495836016766
7838,21.772222,358.39184716846745,25.936478058222413,72.14558804140383,68.61175878324715
7839,21.775,0.3416020875136816,26.871119780398445,72.16010067798909,68.56435424991196
7840,21.777778,2.291809464927363,27.780429119669634,72.17461782993838,68.51695572605934
7841,21.780556,2.2774146754601823,28.751396347930168,70.80720513154023,69.09634527949169
7842,21.783333,2.2630294842801852,29.743346527354824,69.41422081265023,69.67984633982503
7843,21.786111,2.2486435496805353,30.75714028379157,67.99448023442372,70.26791325334382
7844,21.788889,2.2437669292161555,30.83588884755399,67.99866719602662,70.22475298939378
7845,21.791667,2.238902907277067,30.914607796850497,68.0028603137543,70.18163344336924
7846,21.794444,2.2340532328719735,30.993268737240207,68.00705803783332,70.1385702308084
7847,21.797222,2.7463342200727485,31.789589270798352,67.98320620528523,69.39702359507025
7848,21.8,2.774038007454587,31.906290178667433,67.72270212406062,70.01375720092493
7849,21.802778,2.9752728812807074,33.00306397912848,66.8932046232079,69.91299706202388
7850,21.805556,2.6213703084642628,32.17879062360185,67.53649043922854,69.58033030545151
7851,21.808333,2.2676324554979423,31.34688309437064,68.18865348960914,69.24614477427103
7852,21.811111,2.234822061173565,31.389299759891273,67.94076905204138,69.83387712135905
7853,21.813889,2.2285917653771268,31.438873674089407,67.93939398583395,69.79012523161046
7854,21.816667,2.2223598013389267,31.488449337916308,67.93801940445263,69.7463759169124
7855,21.819444,2.1852734299654983,31.546444563728883,68.12009102176157,69.11273381984086
7856,21.822222,2.533183418924894,32.482320209868966,67.57595493247999,69.0837213722795
7857,21.825,2.8811840687315655,33.409160806024744,67.04094369530658,69.05471001821704
7858,21.827778,2.8704847333427157,33.45453164777162,66.95943761895613,69.23573690298726
7859,21.830556,2.859784761360256,33.499906187595535,66.87816609235563,69.41631991153714
7860,21.833333,2.849088009952192,33.54526806427427,66.7971565099633,69.59639504376628
7861,21.836111,2.819376670336217,33.586981007805534,66.84399122336903,69.36839687689182
7862,21.838889,2.7896711185515475,33.628697965793705,66.89129187343848,69.1397186763272
7863,21.841667,2.759971371131691,33.67041889812772,66.93906187784162,68.91035829577629
7864,21.844444,2.7602819726494268,33.726717222168084,66.86336563100123,69.11873266127564
7865,21.847222,2.7605930312584555,33.7830385945441,66.78786153683748,69.32686895491408
7866,21.85,2.760904434998304,33.83936269637865,66.71257476302931,69.53469109085613
7867,21.852778,2.746064326601781,33.9194320126645,66.8239276734965,68.83043484481475
7868,21.855556,2.754460722022106,33.97565299438408,66.70453656130982,69.14898258548047
7869,21.858333,2.7628564869300494,34.03185823612201,66.58595384738113,69.46628378882313
7870,21.861111,2.7800716592316626,34.08237180295402,66.56720357081753,69.45409046203258
7871,21.863889,2.798613899068833,34.14139453329466,66.63516921099311,69.08269652991886
7872,21.866667,2.817157754020018,34.20040936199528,66.70420423332344,68.70985346944133
7873,21.869444,2.827310839447577,34.24086460730201,66.70729388960778,68.73718144739222
7874,21.872222,2.451260185721333,33.35555215582685,67.23018103715847,68.71171493470152
7875,21.875,2.0751832660385183,32.46128864798393,67.76199756366941,68.68624990269979
7876,21.877778,2.0579610139976765,32.5321315018991,67.68203333620022,68.7092914183513
7877,21.880556,2.079206283049091,32.567501817214655,67.6564621970989,68.65538445843728
7878,21.883333,2.100499965016086,32.602846370557884,67.63089927103488,68.60150481342454
7879,21.886111,2.0388425814584696,32.61806906123158,67.60759742584334,68.58609242638703
7880,21.888889,1.9772738624599313,32.633241803642676,67.58430546406606,68.57068338387563
7881,21.891667,1.9157931659046188,32.64836442043096,67.56102339831833,68.55527768335418
7882,21.894444,2.1805445207545695,33.28666682712831,67.21419865845117,68.46969507275016
7883,21.897222,2.4453877750643898,33.92066754661561,66.87177517106527,68.38407987483454
7884,21.9,2.7102172864468166,34.550173459822695,66.53383076122805,68.2984630130677
7885,21.902778,2.6919481707741326,34.58925557407286,66.21831693506824,69.03186467163525
7886,21.905556,2.6825851219928847,34.60542076253975,66.2115455449596,69.23260436646463
7887,21.908333,2.67322499307088,34.62157187810922,66.20478233398384,69.43288486984274
7888,21.911111,2.59902535577932,34.240138709256044,66.51873486321601,69.25951752243584
7889,21.913889,2.524392734487762,33.859740188997904,66.83122079916211,69.0859726658372
7890,21.916667,2.4493236456663556,33.48037942450809,67.1422335510577,68.91225279916337
7891,21.919444,2.727721114791363,34.73950287322643,66.16009238847508,68.87490793997671
7892,21.922222,2.7492286475699164,34.7663772237963,66.29893428874092,68.69832910640746
7893,21.925,2.7707366295212843,34.79324453210114,66.4391549621284,68.5203493480621
7894,21.927778,2.851117708859256,34.857341805917464,66.15228917504275,69.24998933071626
7895,21.930556,2.8690289319065663,34.883398150570514,66.15134087368602,69.22922992006515
7896,21.933333,2.8869322826588206,34.90944424454538,66.15039528880922,69.20847650446966
7897,21.936111,2.6377709471692565,34.291926592957374,66.5196611426934,69.19077239084065
7898,21.938889,2.3888230699975743,33.66982242958484,66.89372942459545,69.1730654971818
7899,21.941667,2.1401000900577163,33.04307119025524,67.27267213700598,69.15535582958606
7900,21.944444,2.156574283643403,33.08275513797155,67.33125422153711,68.91618958503702
7901,21.947222,2.1730550619388946,33.122449085999435,67.39036603834057,68.67618013935946
7902,21.95,2.189536492032955,33.162138726653346,67.44999043947712,68.43541107339121
7903,21.952778,2.177582983127065,33.193122348686245,67.36270691960607,68.72492800770797
7904,21.955556,2.165627736350503,33.22409650529941,67.27595877068956,69.01365950095702
7905,21.958333,3.0157599209924655,35.20574244745377,66.36412301067577,68.2998571471799
7906,21.961111,3.016732111332372,35.245222459039404,66.34825615996982,68.28282636840264
7907,21.963889,3.0177046470512074,35.28469337419803,66.33239902145043,68.26579500833009
7908,21.966667,3.010629325123766,35.329905145991354,66.30779129422626,68.25946377247729
7909,21.969444,3.0090131850349575,35.36982835520729,66.2936214143327,68.24766401452304
7910,21.972222,3.0073955076480843,35.40976154513155,66.27944696941596,68.23586596792661
7911,21.975,2.9986179495589855,35.44074864702326,66.27993220552938,68.22233379581684
7912,21.977778,2.98984130854358,35.47173305078947,66.28040317317831,68.20882743760257
7913,21.980556,2.9810655852526775,35.50271474161989,66.28085988601568,68.19534689882039
7914,21.983333,3.0038113049008164,35.54998382582203,66.25863246511744,68.1733642202383
7915,21.986111,3.009125906452395,35.58523911355857,66.24832288521533,68.20877824264869
7916,21.988889,3.0144414619163467,35.62049191252479,66.23801552509302,68.24412333463037
7917,21.991667,2.966048651472507,35.62246496115365,66.23550231482095,68.22301089260594
7918,21.994444,2.9176702426939336,35.62444223625269,66.2329851296206,68.20190447641531
7919,21.997222,2.8692714113159603,35.62642516361952,66.23046215529071,68.18078888742043
7920,22.0,2.587338414752203,35.04974763754096,66.44626134536834,68.37814712987029
7921,22.002778,2.306434289572362,34.469632548451294,66.66681911817271,68.57492646574241
7922,22.005556,2.0265660985510348,33.88600279114329,66.89221858181442,68.77112823884218
7923,22.008333,2.308857695316904,34.60479292120339,66.48809243511465,68.74982389176785
7924,22.011111,2.591607578366249,35.31760758063757,66.09042914863335,68.72849970285924
7925,22.013889,2.874699404301335,36.024280247838476,65.69926725356176,68.70716333779633
7926,22.016667,2.850775908603696,36.059637539910895,65.68974748240387,68.72011410070583
7927,22.019444,2.837792108546971,36.10112925732625,65.67960426743758,68.70192035320397
7928,22.022222,2.8247998894952513,36.1426365629694,65.66946000732239,68.68371951001505
7929,22.025,2.833233213288146,36.183793548078214,65.67927639707878,68.65154063557848
7930,22.027778,2.8291277475950665,36.231199931919186,65.82869147719379,68.2985650839008
7931,22.030556,2.82502135667578,36.27860588701639,65.97929849051864,67.94370713502111
7932,22.033333,2.8345874297872626,36.353125272301284,65.95384230258396,67.92857597811452
7933,22.036111,2.8442592424287287,36.42773206318362,65.92838445198217,67.91343394902938
7934,22.038889,2.854033412637367,36.50239958523787,65.90293418168636,67.89828650273037
7935,22.041667,2.8618325458036047,36.55148304716974,65.8761904315455,68.11976897669433
7936,22.044444,2.8049280444715734,36.56636357694392,65.88520800156793,68.08407619857653
7937,22.047222,2.7480005680779183,36.5812087469383,65.89427494675694,68.04835774647749
7938,22.05,2.7245088708402214,36.57587835315809,65.9290151513395,68.02825548894876
7939,22.052778,2.701015384119282,36.570551104794596,65.96373471755761,68.00818044323708
7940,22.055556,2.677520110531617,36.56522700677196,65.99843359221832,67.98813265736852
7941,22.058333,2.7071425763666124,36.739902813874096,65.93083681098206,67.95313891858096
7942,22.061111,2.8281857687973027,36.85311180305309,65.92924836969983,67.98806012883766
7943,22.063889,2.9492054937317995,36.966327466663756,65.92769984939524,68.0228322934012
7944,22.066667,2.9604080008728904,37.00797649818799,65.92760205094699,67.9955514937086
7945,22.069444,2.971606054638686,37.04960458028046,65.92750980558266,67.96828194865513
7946,22.072222,2.9828077188816895,37.09124167801651,65.92742304551162,67.94100403597692
7947,22.075,2.9992720525845247,37.14526809015849,65.89905229504792,67.94354258514875
7948,22.077778,3.01573096269375,37.19928578547599,65.87068106651974,67.94608556298799
7949,22.080556,3.032184449653906,37.25329473049919,65.84230939540274,67.94863296678552
7950,22.083333,2.7069557104173256,37.105754138333374,65.88275989640208,67.91704855469527
7951,22.086111,2.3815452403602837,36.95767268816016,65.92321849085145,67.88546478784536
7952,22.088889,2.0560716300050483,36.8091028689994,65.96367058101737,67.85389307732484
7953,22.091667,2.0474067174429766,36.84183269302218,65.96508903022564,67.82026379603077
7954,22.094444,2.038746128313589,36.87454701685823,65.96650767304608,67.78664828292472
7955,22.097222,2.030083625700387,36.907269383850846,65.96792752832442,67.7530223461804
7956,22.1,2.017753845865535,36.93041457440771,65.98089720791847,67.67504937954288
7957,22.102778,2.0054262114221757,36.953557592722525,65.99388093491893,67.59700243532923
7958,22.105556,1.9931007218617403,36.97669842862779,66.0068786901748,67.51888143510142
7959,22.108333,2.8573640352204777,37.00646957717483,66.01043790365007,67.49131705806876
7960,22.111111,2.85423027519146,37.04003644022537,66.00251515909699,67.45619965965938
7961,22.113889,2.8510965581646612,37.073599411539384,65.9945984484309,67.42106327022019
7962,22.116667,2.840045258711184,37.0991166559474,65.99805227597561,67.2245504642869
7963,22.119444,2.8289977509322917,37.12461889378595,66.00150856632527,67.02746864093479
7964,22.122222,4.155660492669053,37.73276312357421,65.98014529203262,66.77385208760268
7965,22.125,4.1858897341083985,37.77358376071767,65.99457157083646,67.09887354929151
7966,22.127778,4.216118413306427,37.814394896856314,66.00898871348248,67.42120850939666
7967,22.130556,4.208103360641573,37.84667255754493,66.00593837554953,67.39362010973521
7968,22.133333,4.203620464570696,37.86655621370003,65.87318914291978,67.66924431555029
7969,22.136111,4.199135911825504,37.886441860697985,65.74101646064248,67.94386473097845
7970,22.138889,4.627730731751278,37.9416568894775,65.74011428387912,67.9133320370356
7971,22.141667,4.0294563967448145,38.00397707107233,65.72706422934287,67.74457263429176
7972,22.144444,3.4326433097436695,38.06623411587542,65.71405367513036,67.57550060406372
7973,22.147222,3.958244752753872,37.78670526571885,65.99176665711934,66.9433053684705
7974,22.15,3.9462052954175952,37.82114566392055,65.9901438883939,66.9189811093107
7975,22.152778,3.934165630381015,37.85555767252821,65.98855821076839,66.89464513104491
7976,22.155556,3.5007972811129395,37.89514149530654,65.99124662853482,66.68835892110604
7977,22.158333,3.0681683757410685,37.93466873546289,65.9939962069241,66.48187814261654
7978,22.161111,2.636013146600458,37.974167858888066,65.99680886828551,66.27505594259227
7979,22.163889,2.627511885072874,38.002118899714155,65.98948026788034,66.25716218688764
7980,22.166667,2.619010462394593,38.030064396531266,65.9821577054788,66.23926776299409
7981,22.169444,2.610511939109939,38.05799426766906,65.97484382592278,66.22137912526225
7982,22.172222,2.5732014634571847,38.07509200602357,65.95968601906974,66.21249395075786
7983,22.175,2.5358891452133427,38.09217834836128,65.94453897384668,66.20360174361913
7984,22.177778,2.4985749908261212,38.10925326542272,65.92940271720673,66.19470251002146
7985,22.180556,2.467342657601577,38.12870825193837,65.91881758250928,66.15563311377974
7986,22.183333,2.4361138845728156,38.14815850499431,65.90825117370483,66.11655276318156
7987,22.186111,2.4048661861332707,38.16761799201571,65.89769592971372,66.07743330921818
7988,22.188889,2.3708005106885928,38.165828553499196,65.89817304863693,66.05775402814791
7989,22.191667,2.3367297976533763,38.16403463722554,65.89864992007769,66.03807365076936
7990,22.194444,2.3026663212638194,38.162236891043214,65.89912637198351,66.01839926976184
7991,22.197222,2.2806098628048446,38.186198427415704,65.87673489099623,66.0032625124884
7992,22.2,2.2460109232120846,38.18217286371227,65.87891676976584,66.02239786199405
7993,22.202778,2.211406310347993,38.17814190400821,65.88109558606449,66.04156975559562
7994,22.205556,2.180083992252351,38.176684518619496,65.88460919303849,66.01616393211145
7995,22.208333,2.176128161352347,38.18777669131368,65.87526583181844,66.51308802404074
7996,22.211111,2.172166704963791,38.198860089076156,65.86592412288638,67.00205831062968
7997,22.213889,2.145471539604669,38.202526911397555,65.88086575608506,66.21250075335949
7998,22.216667,2.1190796842297797,38.214332551203995,65.87683593785027,66.02434841144338
7999,22.219444,2.0926910807968486,38.226122482367806,65.87279589102316,65.83602265295559
8000,22.222222,2.0657147178711313,38.24082328221054,65.56061913266359,66.43029333200376
8001,22.225,2.042441096167712,38.26397392774317,65.53659893551816,66.48592603612478
8002,22.227778,2.019162386206439,38.28711423035611,65.51258822164596,66.54177253150034
8003,22.230556,1.9883807564310327,38.295647823939795,65.5020318102422,66.52437355160731
8004,22.233333,1.9872944109493993,38.32015439863319,65.48789299011007,66.51448825092407
8005,22.236111,1.9862065062324845,38.34466337822413,65.47375745433744,66.50459312819163
8006,22.238889,1.9878961219151794,38.37676109144311,65.46080636159883,66.48775541202728
8007,22.241667,1.9895849380177406,38.408833010247186,65.44788784513445,66.47091532114531
8008,22.244444,1.991272346700054,38.440867588321716,65.43500654416732,66.45407893098064
8009,22.247222,1.9944419580363597,38.46510767505985,65.42631699502377,66.43413235987455
8010,22.25,1.9987200927297426,38.49918641378325,65.40134886838547,66.80039838917182
8011,22.252778,2.002998759997192,38.533248036082945,65.37640592835267,67.1617846607553
8012,22.255556,2.018371340165773,38.538930173388195,65.37521959540744,67.138200189128
8013,22.258333,2.015798363497135,38.56170080571537,65.49058476818931,66.87655621351833
8014,22.261111,2.0132261292801843,38.58446064417673,65.60666366048147,66.6138363086835
8015,22.263889,2.0028817455197423,38.60628206485059,65.58836441146873,66.61040244818342
8016,22.266667,1.9990697683111307,38.639931619778785,65.57239492848272,66.58834944887421
8017,22.269444,1.995259129027085,38.67354659758056,65.55646491398004,66.56629415796903
8018,22.272222,1.9986603471601505,38.71195450613049,65.53550674903371,66.55103437286382
8019,22.275,2.0020611867343145,38.75034114907108,65.51457476326637,66.53576953394854
8020,22.277778,2.0054616476332505,38.78870650167814,65.49366897863806,66.52049964391908
8021,22.280556,1.996203951757579,38.8158663995074,65.47666941211463,66.51214760426797
8022,22.283333,2.0066886012261556,38.84186823915537,65.45701373874815,66.50288992164448
8023,22.286111,1.9747081827549842,38.85634623997739,65.44916240605826,66.49109001066938
8024,22.288889,1.9717372975858964,38.88144991155763,65.42964118867526,66.4833737847449
8025,22.291667,1.9687570432405685,38.906541417498104,65.41012706446148,66.47564797796603
8026,22.294444,1.966918162150053,38.92968998262005,65.40356626819617,66.44907610355955
8027,22.297222,1.963293958776461,38.956581668058,65.4084338482097,66.40094314665659
8028,22.3,1.9596703396389294,38.983469647582545,65.41333346538661,66.35277999021406
8029,22.302778,1.9533502668495935,39.00075715167492,65.40652066634811,66.34535430142725
8030,22.305556,1.9541287962397522,39.02364880302261,65.42170947934764,66.29207831725438
8031,22.308333,1.9549069627987077,39.04652224256291,65.43692736255969,66.23879156338866
8032,22.311111,1.9453070662315266,39.06018963080398,65.33751190371801,66.43331923192177
8033,22.313889,1.9357056817452012,39.07384916397178,65.23839535405018,66.62728628724956
8034,22.316667,1.9261028097766157,39.08750083631583,65.13957626859184,66.8206940558878
8035,22.319444,1.9159503619980764,39.10284643657739,65.14416840036108,66.80223221453934
8036,22.322222,1.9057931504244863,39.11819496659217,65.14875692379738,66.7837737172778
8037,22.325,1.8956348317155118,39.133540888241804,65.15334017883526,66.76532523175067
8038,22.327778,1.911875909997164,39.148892159128806,65.42457570167734,66.21023030295474
8039,22.330556,1.9036907371579304,39.17185949366505,65.4195529219219,66.19646778870923
8040,22.333333,1.8955081650906127,39.194816892817435,65.41453111933812,66.1827156113021
8041,22.336111,1.885568895788527,39.221201222347936,65.40907594980159,66.16661198322481
8042,22.338889,1.8756294758736445,39.24757357167566,65.40363080463509,66.15051424219219
8043,22.341667,1.865689905492463,39.2739339264707,65.39819568646433,66.13442240167616
8044,22.344444,1.8635189522876363,39.29601090999148,65.40207990473255,66.11866098163598
8045,22.347222,1.865916425948905,39.3198629437842,65.29230426471312,66.39957677472735
8046,22.35,1.8683135022611275,39.343711065294826,65.18310253618462,66.67952109545712
8047,22.352778,1.8661314402646951,39.373949091537675,65.17591558820432,66.66946625029338
8048,22.355556,1.8663888329984797,39.39684886739394,65.28003542383753,66.37113955883375
8049,22.358333,1.8666461651814323,39.41973370578929,65.38499426725592,66.07172532543669
8050,22.361111,1.861406992481168,39.44367770816475,65.18444880259416,66.85161644638953
8051,22.363889,1.8577528017821408,39.46871168318564,65.18271433629961,66.84218789805415
8052,22.366667,1.854098165630523,39.49374126907912,65.1809864642802,66.83275807132846
8053,22.369444,1.8457263066118585,39.524507849626524,65.17431573417687,66.82065562560584
8054,22.372222,1.8373531278378845,39.555288541085254,65.16764340089524,66.8085484009642
8055,22.375,1.8289816439902893,39.586072231473985,65.16097188149523,66.79644076975487
8056,22.377778,1.8218915896992627,39.60233153405809,65.25987345660239,66.53767201999787
8057,22.380556,1.814801691325906,39.618587520158655,65.35947425842039,66.27794445632786
8058,22.383333,1.8077145013047335,39.63483433181242,65.45974277399023,66.01734813050119
8059,22.386111,1.793864546333749,39.63878500927625,65.21446519087242,66.73562609555931
8060,22.388889,1.7888040014731619,39.655847139097524,65.2195101318295,66.7230275410664
8061,22.391667,1.7837434474844844,39.6729042277279,65.2245568735233,66.71043845309622
8062,22.394444,1.803020132768907,39.68412813314504,65.48476091025306,65.95825809228383
8063,22.397222,1.7982886290162146,39.69612898892365,65.36643833282956,66.31753136454462
8064,22.4,1.7935578072427099,39.70812744343558,65.24903796566284,66.67544235980914
8065,22.402778,1.7815959193858077,39.721876562558435,65.27198813729416,66.66136463497972
8066,22.405556,1.7733066561113322,39.73241349913023,65.40751542063562,66.27168217895252
8067,22.408333,1.7650205280478346,39.742944184766756,65.54440508136302,65.88013745667713
8068,22.411111,1.753083908919404,39.77035511252692,65.27161966186208,66.62277877996884
8069,22.413889,1.738119951371635,39.78030133922083,65.41746617912527,66.24408773156266
8070,22.416667,1.723155839396437,39.79024329616724,65.56473946135681,65.86338656568921
8071,22.419444,1.7032601099048232,39.80733774608282,65.56252531026246,65.90331332164548
8072,22.422222,1.7032429896321144,39.824292096535274,65.41104038615286,66.27010632289527
8073,22.425,1.7032269850605068,39.84124300059796,65.26056070971401,66.63516456795934
8074,22.427778,1.6939255319981843,39.86712869822998,65.25183719610563,66.58334772410673
8075,22.430556,1.6819469821229251,39.88023873967547,65.39437278081739,66.2359984104992
8076,22.433333,1.66997268428352,39.893339299760356,65.53804271838942,65.88703296909308
8077,22.436111,1.6607193089199974,39.9185116129386,65.39493835373722,66.16703411961295
8078,22.438889,1.6514659967703267,39.943674765436924,65.25244006087519,66.44598924408602
8079,22.441667,1.6467666231330966,39.990208636830474,65.21410025026874,66.43797675028821
8080,22.444444,1.6312968958383518,40.00498872431938,65.20435385985468,66.42955914632788
8081,22.447222,1.6158218955793568,40.019775983149316,65.19460526912715,66.42113717291713
8082,22.45,1.351929023173394,39.453259095650004,65.51576261003473,66.38748978573246
8083,22.452778,1.0880360313713116,38.8829734923049,65.84070406551612,66.35382345227411
8084,22.455556,0.8241539945573351,38.30887765739505,66.16948224298793,66.32013815668118
8085,22.458333,0.8174002692105535,38.323563103838026,66.1812848903567,66.32372186527412
8086,22.461111,0.8106441652234508,38.33824118505063,66.19306841216893,66.32736362581113
8087,22.463889,0.8038881146629695,38.35290661810564,66.20482858962487,66.33106210773843
8088,22.466667,0.7986294814788106,38.3585716613784,66.18840421616856,65.55892927459848
8089,22.469444,0.785638419472571,38.348648785349795,66.1960550151365,65.56163424325567
8090,22.472222,0.7726425214871622,38.33872147021579,66.20370725453701,65.56434160976322
8091,22.475,0.7644878821184591,38.34524502606889,66.30604654742663,65.35154132636985
8092,22.477778,0.7563328974521291,38.35176448331756,66.408783311687,65.13813529847585
8093,22.480556,0.7481775678606599,38.35827984177685,66.51191853913971,64.92412236604274
8094,22.483333,0.7462853184594831,38.36410949878343,66.5065205286064,64.92701317225058
8095,22.486111,0.7443919977860638,38.36993872845024,66.50112228966938,64.92990181741261
8096,22.488889,0.7424982873207036,38.37576542989108,66.49572576750226,64.93278726079276
8097,22.491667,0.9957697122157558,38.98377503166213,66.14400601947311,64.93213666328919
8098,22.494444,1.2490004373602481,39.58709565679649,65.79693492947628,64.93148538806335
8099,22.497222,1.5023632714186341,40.186211262148575,65.45420352345695,64.93083296586707
8100,22.5,1.5272111332597227,40.15043514435278,65.25379746537436,65.55634899628991
8101,22.502778,1.5276273156158382,40.15580405361966,65.2484286041326,65.5493102633463
8102,22.505556,1.528042217568224,40.16116953596987,65.24306364893206,65.54227044423997
8103,22.508333,1.5363186562718703,40.16092246707569,65.21691939884825,65.46874521064103
8104,22.511111,1.5529080091717287,40.19063040359942,65.31531699700258,65.20636948263923
8105,22.513889,1.569497410127541,40.22031548309583,65.41433629474434,64.94304377439977
8106,22.516667,1.5727762947780963,40.22610313865728,65.41205820970355,64.94261358333847
8107,22.519444,1.571323150161687,40.22257822015156,65.40749185053672,64.94157432343395
8108,22.522222,1.5698685306318332,40.21905171531703,65.40292448222426,64.94053448196227
8109,22.525,1.5882991095982018,40.232859721646925,65.38593993099772,64.93559500086549
8110,22.527778,1.6067344004677686,40.24666144460694,65.36896275556437,64.93065430464559
8111,22.530556,1.6251743958578277,40.26045688273563,65.35199295803612,64.92571239275009
8112,22.533333,1.6056533250365899,40.25160403367292,65.35893860854591,64.91372597209414
8113,22.536111,1.600171498420826,40.24955406257425,65.243950469429,65.24782265725447
8114,22.538889,1.5946893955071246,40.247501622027045,65.12987176348595,65.58061472709839
8115,22.541667,1.5813477879001834,40.247602205414815,65.1879541842342,65.3605187904314
8116,22.544444,1.5680090410774827,40.24769798533709,65.24641950672856,65.13993859395664
8117,22.547222,1.5546635474137798,40.24778903001554,65.30531320571473,64.91871379399366
8118,22.55,1.55604738671623,40.247724407935834,65.29605796492879,64.91609611047677
8119,22.552778,1.5574310435989993,40.24765747635241,65.28680477049032,64.91347890067982
8120,22.555556,1.5588145178127686,40.24758823596929,65.27755362213217,64.91086216450518
8121,22.558333,1.5544681740223112,40.23551347682828,65.27713023155869,64.92342953891507
8122,22.561111,1.587118793996309,40.24325156061195,65.26319293185655,64.92423356100574
8123,22.563889,1.6197727436748455,40.250983898227204,65.2492611611575,64.9250375837089
8124,22.566667,1.6299633915349876,40.25054225929366,65.1679264727831,65.13027540160982
8125,22.569444,1.6401488804714432,40.2500985474623,65.08697634307471,65.33496910074018
8126,22.572222,1.6503365428343422,40.24965244385901,65.00635017734264,65.5392671751884
8127,22.575,1.6544791329817468,40.25168986831088,64.98815387678371,65.54690745112268
8128,22.577778,1.6586213024403076,40.25372555444216,64.96995813225482,65.5545486149042
8129,22.580556,1.6627630502638837,40.255759502137046,64.95176294436628,65.56219066646034
8130,22.583333,1.6670446520576458,40.268036454364164,65.00422184553474,65.34853628730579
8131,22.586111,1.6713267950374213,40.28031646848645,65.05707748110369,65.13423161594815
8132,22.588889,1.675607936879599,40.29259511966677,65.11031378989689,64.91935209036079
8133,22.591667,1.4005152048878706,39.72924291282364,65.37963911220747,64.91969939558695
8134,22.594444,1.126004230747336,39.16217972240263,65.6532628827238,64.92004811336642
8135,22.597222,0.8518904649145274,38.59091799637472,65.93147447280984,64.92039849484603
8136,22.6,0.851873130947638,38.57944382227153,65.93409054811302,64.92230122008584
8137,22.602778,0.8518538465032695,38.56797376954453,65.93670159448953,64.92420341976108
8138,22.605556,0.8510625002607739,38.577573382688975,65.92203550986572,64.92670649660926
8139,22.608333,0.8623615616999061,38.5356528324175,65.85528395416031,65.25953211620443
8140,22.611111,0.873720242896189,38.49404853768585,65.78919730493863,65.59101810553548
8141,22.613889,0.8580613669521444,38.49540116052282,65.770975581112,65.59947874060425
8142,22.616667,0.8564864258015277,38.496842656921444,65.87957708806167,65.27504310595411
8143,22.619444,0.8549058466540025,38.49827565402883,65.98900711565886,64.94944979749127
8144,22.622222,1.6004592033266274,40.187909746505895,64.993261768085,65.00918778386048
8145,22.625,1.6063136645301928,40.203580487899934,64.96565190428427,65.01247597834849
8146,22.627778,1.6121674447393453,40.2192466499509,64.93804452223982,65.01576688148857
8147,22.630556,0.8861900831947551,38.57638772878346,65.84557539881978,65.01165319211769
8148,22.633333,0.8891054829351788,38.57350159898574,65.71982319662422,65.32509851459487
8149,22.636111,0.8920411248313762,38.570618052623445,65.59490057284111,65.63739482757215
8150,22.638889,0.8995383429694055,38.56797556497436,65.58483549305377,65.64113819856671
8151,22.641667,0.8957289577488865,38.55643967335185,65.69665597179711,65.29707026456482
8152,22.644444,0.8919280868182788,38.54491275686262,65.80932599195525,64.95167102207678
8153,22.647222,0.9043806210382446,38.5630584677289,65.78449218033253,64.94563028462014
8154,22.65,0.9029493546133907,38.55861850075804,65.75419146981447,64.98842337825758
8155,22.652778,0.9015239089010922,38.554181048690594,65.72390961430388,65.03120083150219
8156,22.655556,0.9053864517997852,38.541520339383425,65.706895627769,65.03026441784276
8157,22.658333,0.9077519261902545,38.53496573606043,65.69394341405511,65.027318430118
8158,22.661111,0.9101240403217687,38.52841136128893,65.68098607196185,65.02436985025446
8159,22.663889,0.897936560710141,38.470745506694016,65.50223779535627,65.60362642161815
8160,22.666667,1.2787984216443569,39.34928665980965,64.98769064656409,65.60621517441882
8161,22.669444,1.6596366849483513,40.218052286221706,64.48290200473002,65.60880286299924
8162,22.672222,1.6565404362547564,40.20823037235636,64.47161458388692,65.59863775895894
8163,22.675,1.653442230088606,40.19840900771707,64.46032828438531,65.5884622074927
8164,22.677778,1.6503420674247593,40.18858819192776,64.44904310797456,65.57827621179234
8165,22.680556,1.6424016924315783,40.17963888370635,64.42970722523714,65.57598830339037
8166,22.683333,1.6312723286453323,40.16735418052816,64.38513755329568,65.54226086096062
8167,22.686111,1.6201382204717731,40.15506417422285,64.3404209599973,65.50877850617194
8168,22.688889,1.6244426598677393,40.14461052402541,64.35524481770514,65.58906702322629
8169,22.691667,1.6244237492232099,40.13922791467242,64.33626524878551,65.58637378596062
8170,22.694444,1.6244033107423181,40.13384623939269,64.31729683399806,65.5836806166413
8171,22.697222,1.6221851086671606,40.11904511672363,64.25802612803241,65.51385310138122
8172,22.7,1.621164560394524,40.110483215373705,64.25072621838211,65.55691401493975
8173,22.702778,1.6201450386791034,40.10192072300345,64.24344517563934,65.59999212976632
8174,22.705556,1.5558700558204777,40.061494353806,64.20076146384275,65.50550274001783
8175,22.708333,1.4916066276812234,40.02103111323174,64.15802527712695,65.41037872452536
8176,22.711111,1.4273083186679614,39.980501774307825,64.11520575884414,65.31454770922849
8177,22.713889,1.3592524062652593,39.949724857933035,64.08159044556402,65.32669881981558
8178,22.716667,1.2900849029075552,39.91195083887482,64.05395286078439,65.33828579054449
8179,22.719444,1.2209369673842492,39.874141520685946,64.02632855366073,65.34986787694707
8180,22.722222,0.8968485565852244,39.26765272870583,64.30670691185455,65.36587592221494
8181,22.725,0.5724319401071671,38.65702037655704,64.59085355091352,65.38189762651038
8182,22.727778,0.24770100633570635,38.042211757453785,64.87881516199472,65.3979329512949
8183,22.730556,0.18336621419654975,38.02800710353943,64.82672662267164,65.44006117616192
8184,22.733333,0.10778432371747293,37.99329121375117,64.95303847325822,65.1386930820816
8185,22.736111,0.03220566214872278,37.95851550554939,65.08004769460196,64.83618175488394
8186,22.738889,359.9702337352212,37.94462247966396,64.92801835423604,65.12281926591095
8187,22.741667,359.9082874985341,37.930686779256455,64.77682183471431,65.40824592735406
8188,22.744444,359.84638907115067,37.91671337510775,64.62650708987938,65.69236462565652
8189,22.747222,359.8001932002797,37.868518654473235,64.60019340815157,65.69575276318331
8190,22.75,0.11526190068820341,38.706761656502934,64.22064760586703,65.33728511607823
8191,22.752778,0.43104796594819206,39.53638581324913,63.851206964257045,64.97813848522
8192,22.755556,0.3560580914147913,39.487466759133014,63.53666204550851,65.6959690416378
8193,22.758333,0.29678804254315594,39.44196909537802,63.51264697823086,65.69883269367625
8194,22.761111,0.2269813532813192,39.39463755093793,63.492509250980504,65.69125137372467
8195,22.763889,0.15716885827097826,39.347260326856315,63.472363538479584,65.68364150892283
8196,22.766667,0.08735038205948165,39.29983731681951,63.45220986911971,65.67600308789328
8197,22.769444,359.7526258044832,38.67758312084651,63.73212341404481,65.6513620776301
8198,22.772222,359.4174635609141,38.050809413100446,64.01603436380145,65.62673783432568
8199,22.775,359.08199982021046,37.41970477000944,64.30389311092715,65.60213941713947
8200,22.777778,359.1745722814086,37.45224553433539,64.33759189719466,65.38129137748722
8201,22.780556,359.2671538329238,37.48473371052161,64.37143782820843,65.16007669531471
8202,22.783333,359.35971125925636,37.51715771746365,64.4054198900563,64.93857802362847
8203,22.786111,359.4556488907618,37.558844006753134,64.26476139900362,65.16732058076435
8204,22.788889,359.5515881326385,37.6004690812572,64.12476019699739,65.39533317488176
8205,22.791667,359.6475290784025,37.64203303769275,63.98541326291746,65.62261848173183
8206,22.794444,359.73084772399824,37.668191401431095,63.911533019644594,65.56937625682139
8207,22.797222,359.8170563512549,37.69422948119858,63.89425823188735,65.60129703930372
8208,22.8,359.90328433654,37.72022425406814,63.8770384548548,65.6331648491221
8209,22.802778,0.7682886775929951,39.471591413122724,62.8841039549463,65.65619885151658
8210,22.805556,0.8495206789918797,39.49953028254984,62.95280712712464,65.36515164994313
8211,22.808333,0.9307261912808897,39.52741037900438,63.02190889672319,65.07336326889397
8212,22.811111,1.0049198952719607,39.52763601052975,63.00346627933237,65.0554310117718
8213,22.813889,1.095467077305246,39.56057060090971,62.8269412888809,65.41866880409619
8214,22.816667,1.1860221521247638,39.59345447416372,62.65198664176614,65.77994889175869
8215,22.819444,1.2619757715382818,39.63812371338008,62.58154097268017,65.77315044317005
8216,22.822222,1.3470363656188535,39.67738566247497,62.47708780774188,65.70622629939554
8217,22.825,1.4321160296809285,39.716591716366786,62.372324560687076,65.63962280304709
8218,22.827778,1.5049595861670149,39.70989540998892,62.4003008391696,65.62368766894545
8219,22.830556,1.5777401369705633,39.74409357256068,62.330191256320305,65.5965646906645
8220,22.833333,1.6504816852175868,39.77822811366195,62.25997066292952,65.56962793943748
8221,22.836111,1.7325184833424458,39.811234753818,62.23311888116396,65.64423330855581
8222,22.838889,1.7228549289168473,39.79879287188408,62.28137256420884,65.34883698578328
8223,22.841667,1.7132152875465856,39.786367933432864,62.329985485056255,65.052705033994
8224,22.844444,1.68841806387646,39.7691266788282,62.260573076669786,64.92183123030158
8225,22.847222,1.2775725118501295,38.88826441495353,62.595336762537315,65.19651375148162
8226,22.85,0.8673630207693801,37.99956890605641,62.9396583510277,65.46999567116328
8227,22.852778,0.8750531325094109,37.99776337393961,62.85728840474761,65.69424850243
8228,22.855556,0.8779622571327241,38.000685961074545,62.879532709371205,65.35403026256317
8229,22.858333,0.8808702208535877,38.00360737351972,62.901982962055186,65.01427592859342
8230,22.861111,1.1514445112690748,38.60087712474826,62.42561087623898,65.245024819046
8231,22.863889,1.4220079339418596,39.19363637478839,61.9545190498615,65.47492805370857
8232,22.866667,1.6925489951020332,39.7819439978562,61.48863267950635,65.70398976547699
8233,22.869444,1.684883347303339,39.77387309166826,61.64385194413896,65.06771802303186
8234,22.872222,1.2965822996367695,38.91058594256567,62.07392725384324,64.91901061511574
8235,22.875,0.9084057781701045,38.03907556768935,62.51231684512527,64.771000703707
8236,22.877778,1.1616493910681829,38.616067124539484,62.033353940665094,64.99225487537127
8237,22.880556,1.4148951332036148,39.18880377215609,61.55941979242127,65.2126622466027
8238,22.883333,1.6680416742355142,39.75713642208389,61.090614021850186,65.43214722720151
8239,22.886111,1.6549980189597289,39.73587596237186,60.99050021698919,65.37011162625896
8240,22.888889,1.6504149410224027,39.7213305209816,60.934332948486684,65.45691020034391
8241,22.891667,1.6458318874117186,39.70679755786192,60.87835152895944,65.54352228031097
8242,22.894444,1.638794782361817,39.67494691906694,60.91219509227135,65.26375457453041
8243,22.897222,1.6317543670896768,39.6431082412036,60.94608394602395,64.98358050212656
8244,22.9,1.624713175555648,39.61129297324701,60.98000650468846,64.70311204693027
8245,22.902778,1.6158351565911566,39.59849991198754,60.846688691871265,64.95095290447604
8246,22.905556,1.6069583162208119,39.5857125411148,60.71418193360017,65.19799607774983
8247,22.908333,1.5980858490832865,39.572935455894104,60.582528022932195,65.44415778259213
8248,22.911111,1.591919457773578,39.56648893915259,60.596265615377305,65.17628758490879
8249,22.913889,1.5857539012756519,39.56004536672608,60.61007306403151,64.90810294055072
8250,22.916667,1.5795891789451204,39.5536047362673,60.623951047553476,64.63961315258096
8251,22.919444,1.5687374731305699,39.54074273337277,60.564354376199674,64.59022528962618
8252,22.922222,0.8104345074502781,37.844058097311745,61.3338222670252,64.83712581374061
8253,22.925,1.5545346070754853,39.50472884644669,60.35371952249373,64.82104050745573
8254,22.927778,1.543566568928881,39.48871448449209,60.29892402222201,64.78473488371088
8255,22.930556,1.5325986554968711,39.472709253936664,60.24409669552618,64.74845582407696
8256,22.933333,1.6475906882760167,39.512208050987006,60.014026040713546,65.23769750173413
8257,22.936111,1.8468503536630596,39.60494653174794,59.93322047123479,65.22133892775277
8258,22.938889,2.045981571299068,39.697751171158195,59.85231746769267,65.20514814991995
8259,22.941667,2.2865771909886483,39.79061518008708,59.78948920537947,65.1965960236462
8260,22.944444,2.527054666358424,39.883243640160536,59.726672751131375,65.18800395454555
8261,22.947222,2.767585990873018,39.9757031725008,59.66382314536041,65.17936582422304
8262,22.95,3.6183484381673203,40.43993981488402,59.67853650448973,64.89773505927072
8263,22.952778,4.46957389684791,40.91375374899678,59.69325109105915,64.61586825834517
8264,22.955556,5.3217809384149195,41.397363177850195,59.707967026282006,64.33377844351621
8265,22.958333,6.167291343347189,41.895516644832895,59.64486762570985,64.3621105867496
8266,22.961111,7.015235181996987,42.40406425702995,59.58174269550213,64.39039049265578
8267,22.963889,7.865797389142839,42.92305354627398,59.51861518655306,64.4186076562015
8268,22.966667,7.858222154179115,42.91379536296975,59.368274396582905,64.57562176179229
8269,22.969444,7.850648691781037,42.90454590573492,59.218780222081946,64.73177957628664
8270,22.972222,7.843071547223152,42.895298505767684,59.07002116096511,64.88719741426962
8271,22.975,7.840818248724846,42.86390620945736,59.034713389332964,64.83619570219282
8272,22.977778,7.841971408026099,42.85911959477931,58.96312928897865,64.82331734722351
8273,22.980556,7.843124542180883,42.854338384943354,58.89138034661026,64.81052378545515
8274,22.983333,7.829995352000845,42.81711540046642,58.8584669634573,64.71985134655957
8275,22.986111,7.831168311208328,42.81762391124495,58.922106251328,64.38259997533457
8276,22.988889,7.832341050851921,42.81813305148591,58.986150127211715,64.04423558360858
8277,22.991667,7.8139741088533565,42.81241864386888,58.93083538903336,63.927077469241624
8278,22.994444,7.83424444150859,42.861928664459434,58.71090050762656,64.23715127567127
8279,22.997222,7.854519161531579,42.91140170831663,58.492123006747946,64.54603389158545
8280,23.0,7.8625608454437295,42.91651818321876,58.41494149656599,64.42990083927994
8281,23.002778,7.839820976640345,42.90384388410733,58.48289903846597,64.00519823840159
8282,23.005556,7.817081392653828,42.89117852188332,58.55147658919735,63.57881640169279
8283,23.008333,7.830877022865968,42.89837282513382,58.47216710674856,63.55587573012707
8284,23.011111,7.844678581071255,42.90556773475616,58.39283727099017,63.532971304445056
8285,23.013889,7.858481099391879,42.91276066267301,58.31351592397958,63.510111689422345
8286,23.016667,7.856290090109061,42.92067046345344,58.22299510647562,63.47028447539725
8287,23.019444,7.854100306034104,42.92857067225606,58.13246802785399,63.43062440428436
8288,23.022222,7.8519101699653415,42.93646698771869,58.04186979756288,63.39110358953154
8289,23.025,7.850516661767054,42.94076328801817,57.89869057886894,63.539309748227296
8290,23.027778,7.849122380167712,42.94505758306649,57.75609397233214,63.686926969829486
8291,23.030556,7.847727325193441,42.94934987607361,57.61407812103354,63.833957123033244
8292,23.033333,7.847707980709016,42.95592908641433,57.547035598942855,63.75870945590768
8293,23.036111,7.842415915318098,42.95390622932626,57.64808568101195,63.34386239395174
8294,23.038889,7.837124852845323,42.95188012640859,57.74997110529242,62.92700981929585
8295,23.041667,7.842131360120172,42.95516448459978,57.59969269230314,62.99706905390714
8296,23.044444,7.842550283996269,42.967431263432516,57.40848175972103,63.18344183747584
8297,23.047222,7.842969565922639,42.9796782835064,57.21791808446848,63.369164580273136
8298,23.05,7.83589820776624,42.9660980442615,57.189135144436875,63.38039930038666
8299,23.052778,7.835447742251764,42.97735810619881,57.20819140720498,63.035563483675304
8300,23.055556,7.834997509057436,42.98860090069051,57.2276007290191,62.689811507294664
8301,23.058333,7.83170103202197,42.98277268579647,57.19052491575246,62.56475432163501
8302,23.061111,7.430905616358652,42.10774643542319,57.493133147942444,62.78111650666551
8303,23.063889,7.030455937488272,41.22536884246538,57.80470185004714,62.99611412888535
8304,23.066667,6.9614764658571335,41.36279358234769,57.77102198939791,62.26910337305995
8305,23.069444,6.98451228757733,41.31534313959113,57.800333545053775,62.197870321635406
8306,23.072222,7.00768197589572,41.26851078423777,57.829122895586906,62.12664623741455
8307,23.075,6.989921708365815,41.25273929005957,57.78614105387585,61.89633326235341
8308,23.077778,6.982158177187921,41.28502531407533,57.390321497142565,62.527091235624184
8309,23.080556,6.998965342368747,41.30996134854137,57.547225870060515,61.9053890138282
8310,23.083333,6.9928890141947395,41.54503798301191,57.3605181453904,61.87099532836355
8311,23.086111,6.986810765751253,41.77596533675525,57.178056586454375,61.83645977638636
8312,23.088889,6.985464892289608,41.80959745321355,57.15487961801773,61.73573493585344
8313,23.091667,4.275811424733526,40.12483585022997,57.29274428001982,61.32005521428198
8314,23.094444,1.5743813104352586,38.52706918997379,57.431137141191954,60.90321866835485
8315,23.097222,1.5338495157751293,38.518486919283205,57.357092117867055,60.70382149952664
8316,23.1,1.5013539621736367,38.51569053134087,57.23468351028002,60.646657981094094
8317,23.102778,1.4688559037398932,38.512874920061655,57.11212801319162,60.589953258329444
8318,23.105556,1.4437388244723213,38.418357387856396,57.01622355168794,60.63030356941813
8319,23.108333,1.4186279264404824,38.32341204485666,56.92124087790775,60.67003742511763
8320,23.111111,1.393505127067602,38.22796678665478,56.82711696176881,60.7091829408845
8321,23.113889,1.3421870866597043,38.27232324496194,56.68159036820175,60.62245942908264
8322,23.116667,1.2909403838662925,38.31685378190943,56.53588705025685,60.535891397482416
8323,23.119444,1.2397832276250345,38.36154196794966,56.39005971050176,60.44951199910554
8324,23.122222,1.2485014360889704,38.39363511670877,56.303739127636774,60.3191449921016
8325,23.125,1.257219903617349,38.42565510343562,56.217400959117995,60.18888859264318
8326,23.127778,1.265938629880079,38.45760216267841,56.13104484424147,60.058746781071164
8327,23.130556,1.271731553228868,38.34162685026646,56.19560798173636,59.9992398796288
8328,23.133333,1.2303865292884346,38.349997114978535,56.08778839731083,59.90162422864755
8329,23.136111,1.1890274288743754,38.358317872434874,55.979876542019255,59.8041104085342
8330,23.138889,1.84068680696714,38.66824771621857,55.91694514353648,59.73808301622641
8331,23.141667,2.02438850896573,38.76971495282814,55.82799505787172,59.55109040823014
8332,23.144444,2.2079572915294285,38.87103589427046,55.73890455647053,59.364730076921774
8333,23.147222,2.1957493855099575,38.882726004158485,55.67252823242755,59.21341943061883
8334,23.15,2.1835427809757952,38.89437954451377,55.606100733104,59.06203811162317
8335,23.152778,2.1713374781058867,38.90599661579808,55.539621762441456,58.910590833629286
8336,23.155556,2.687958042075822,39.16818449674568,55.03543186949196,59.71402616446174
8337,23.158333,2.4973931355398555,39.10962631049819,55.09593389247733,59.20600223959508
8338,23.161111,2.306697924343,39.05089825405643,55.15729981544379,58.69662783160993
8339,23.163889,2.1848995636797515,39.02581946768303,55.15916072956938,58.41489224256348
8340,23.166667,2.134343346326073,39.052551672214285,55.01204591465007,58.38000177383222
8341,23.169444,2.0838736846067505,39.0791037364596,54.864980105334396,58.345023380700795
8342,23.172222,2.0964938649338993,39.10264370268506,54.762465542026334,58.218406388157305
8343,23.175,2.109114766848185,39.12613322969083,54.659809205518556,58.091991332753
8344,23.177778,2.1217363888588316,39.14957246324483,54.5570105300863,57.96578384669394
8345,23.180556,2.141550973932045,39.17764956475612,54.44840364045146,57.78817324921205
8346,23.183333,2.051163478347105,39.148095573420285,54.319784957983444,57.70183017243073
8347,23.186111,1.9607762174847512,39.11863433673698,54.19101240371508,57.61569564350465
8348,23.188889,1.9201052119738158,39.11405896367584,54.167206493647626,57.38653737017289
8349,23.191667,1.8874185366970266,39.09427801873198,54.05711538314786,57.30953043982906
8350,23.194444,1.8547366875357376,39.07448978048541,53.94687342145862,57.23278902180515
8351,23.197222,1.8623442237375567,39.109234380471584,53.51769771197921,57.9082921474012
8352,23.2,1.8349771335731706,39.12825850286333,53.61464138247463,57.32722783750961
8353,23.202778,1.8076047701911833,39.14712449908274,53.713382916926264,56.74294795504545
8354,23.205556,1.8398445125388125,39.18840490604317,53.5092670150018,56.74917195079094
8355,23.208333,1.8377302335271697,39.20462130701449,53.41514174650071,56.57886985594489
8356,23.211111,1.835612129707883,39.22079405748083,53.32073428606395,56.40878276675747
8357,23.213889,1.847802381290494,39.48216499424827,52.9612651566963,56.31855384290583
8358,23.216667,1.852433030522235,39.575847966104874,52.85863309197799,56.104736547944654
8359,23.219444,1.8570610700512695,39.66876533409004,52.75674569300794,55.8910121181256
8360,23.222222,1.8672199158831138,39.65217132132275,52.60973460662785,55.84305556910978
8361,23.225,1.8773764085451248,39.635571548324194,52.46266272835764,55.79511940559037
8362,23.227778,1.8875305475007025,39.618966013721284,52.315532591798814,55.747206687680276
8363,23.230556,1.8957013349302638,39.64189446034371,52.17575396089212,55.59029916777412
8364,23.233333,1.903867816938888,39.66477666779419,52.03549576155012,55.4342219037667
8365,23.236111,1.893922540215792,39.70443165316152,51.828061715340766,55.4326902713414
8366,23.238889,1.9006374008198428,39.71444126723171,51.746675226758796,55.257076903293196
8367,23.241667,1.907346629413846,39.72441617585404,51.66511075796436,55.08136563883933
8368,23.244444,1.9312733955848174,39.73278208499475,51.52496097333531,55.007895683733494
8369,23.247222,1.9551968638016035,39.741134289654255,51.3844918898979,54.93439166288991
8370,23.25,1.9791084126707919,39.74946981172122,51.243754281193006,54.8608841334151
8371,23.252778,1.9925815537387326,39.75857696308399,51.06157196679841,54.8284895202506
8372,23.255556,2.0318947803884786,39.78082766588302,50.91146488353252,54.767321444051575
8373,23.258333,2.0711856124302415,39.803121679796774,50.76096470510474,54.70666929289089
8374,23.261111,2.0133439667991553,39.79684919209639,50.72771855288096,54.45542270558812
8375,23.263889,2.1055501708776934,39.86356688374985,50.55365712842064,54.390781139661925
8376,23.266667,2.1977525052292837,39.93013588766588,50.37933179856019,54.326396410358754
8377,23.269444,2.1845201492673247,39.92811065768117,50.253367327296516,54.18514368337799
8378,23.272222,2.1712816445433667,39.926045314588784,50.12696875898665,54.04399294040783
8379,23.275,2.158041758407615,39.92394072608419,50.0001796387985,53.90300609699874
8380,23.277778,2.0590829231738628,39.880908057789334,49.60338450891072,54.29512805131327
8381,23.280556,1.960141184301957,39.83789153503623,49.20885546907448,54.685006935686815
8382,23.283333,1.8612518670373088,39.79490700087718,48.81674483979701,55.07249194389317
8383,23.286111,1.8557894514997013,39.776968510039275,48.750998246603146,54.98752402490149
8384,23.288889,1.8581251350675494,39.79893104905178,48.55183374502376,54.88415697206986
8385,23.291667,1.8604599539588733,39.820779439766184,48.35197857677896,54.781858737739554
8386,23.294444,1.8198614405806008,39.79732197718532,48.2274661274472,54.728032787980354
8387,23.297222,1.8339472926695208,39.7911038583969,48.08364894385693,54.6174482783113
8388,23.3,1.8480325343294641,39.78487455830479,47.9394011964672,54.507020932339415
8389,23.302778,1.8597634251344726,39.73867038276279,47.82685660128564,54.40216597689822
8390,23.305556,1.8753142162906862,39.74876766648522,47.60297808896998,54.38526192606432
8391,23.308333,1.8908547171152055,39.758822167723814,47.3783736743905,54.36913838584087
8392,23.311111,1.9566711653764752,39.767553441184305,47.23514604518823,54.2611098096786
8393,23.313889,1.9699958844808574,39.796383736444206,47.38566162454693,53.4758057590107
8394,23.316667,1.9833133956845632,39.82510369991782,47.53938041388331,52.68359171351783
8395,23.319444,1.9761084275358378,39.82255448575916,47.42632389700309,52.57569350772303
8396,23.322222,1.9986265328176511,39.84117660615687,47.208404176124816,52.45783895448706
8397,23.325,2.021140215685943,39.859768999365905,46.98928738141794,52.34148369020262
8398,23.327778,2.038348726340418,39.87354656183034,46.818331071539745,52.35046135272178
8399,23.330556,1.957930842847384,39.83519450980924,46.68407998930509,52.22084715065465
8400,23.333333,1.8775618371645688,39.79672640070396,46.549408894884806,52.09108667551975
8401,23.336111,1.9016718402450614,39.800207380234234,46.29285975904948,51.964580017168004
8402,23.338889,1.9744261785945518,39.824490300182504,46.13646839219941,51.84240833907755
8403,23.341667,2.0471864306719034,39.848745415598444,45.979588198124056,51.72031130837542
8404,23.344444,2.100333191899665,39.87020857611323,45.78847393147447,51.65350487952016
8405,23.347222,2.1535039350525054,39.891635542243414,45.59647162846249,51.58692399666985
8406,23.35,2.206679477006926,39.91301877446607,45.40364715274288,51.52060227646921
8407,23.352778,2.1899640162431613,39.91020336631417,45.21629805760656,51.47106505454561
8408,23.355556,2.173248320730302,39.90734683992288,45.02822593640663,51.42169208648333
8409,23.358333,2.156538410347265,39.90445043315797,44.83949692420271,51.372507290825304
8410,23.361111,2.182123164475362,39.88229066001088,44.65446761757,51.27215164531271
8411,23.363889,2.1014866513946533,39.822688036915686,44.51082441729725,51.02444554466228
8412,23.366667,2.021015268926046,39.76330367825903,44.36584377910961,50.77729132686906
8413,23.369444,2.0486570870019456,39.747561212495164,44.27156070501254,51.62903530317704
8414,23.372222,2.042059922123647,39.72736181982221,44.081126422370275,50.99040707589256
8415,23.375,2.0354616580798908,39.70718254182228,43.889496747602045,50.37899322735568
8416,23.377778,2.060928563379859,39.772512487457796,43.71354681553992,52.4952924961767
8417,23.380556,2.0683653254833114,39.775255074420556,43.517790443007286,55.78163715122153
8418,23.383333,2.0758056841915025,39.77792033832949,43.32136780884494,58.95531209226428
8419,23.386111,2.0674829768698135,39.74923534215324,43.13027227349501,58.93661114470055
8420,23.388889,2.059159175152729,39.72056948147585,42.93799278564944,58.9184855807499
8421,23.391667,2.050834280717318,39.691922718125426,42.74452486516056,58.90094452633038
8422,23.394444,2.419706943197683,39.6835186998655,42.53633487866111,54.35110575726128
8423,23.397222,2.7891387828714667,39.67511485702037,42.327195266035055,49.56389888146662
8424,23.4,2.768431360845165,39.64741979379437,42.11014691294893,49.59612551736693
8425,23.402778,2.7195561985511674,39.62279508422054,41.86646743152914,49.662491515231814
8426,23.405556,2.6707185847086876,39.59809645056471,41.621780468230504,49.72980472102493
8427,23.408333,2.7080598850840047,39.58344269263986,41.46421818526456,49.409988107020524
8428,23.411111,2.7455179104695286,39.56883862019926,41.305237498643834,49.10509655969924
8429,23.413889,2.783079540275361,39.55428920238469,41.14488303648377,48.81475388322023
8430,23.416667,2.5527890383560035,39.52692886187322,40.37925915155676,49.16114289805655
8431,23.419444,2.322841562092483,39.49964459512122,39.59493959518296,49.533390307219605
8432,23.422222,2.0930777698303906,39.4724164193058,38.79099781213357,49.93200441018125
8433,23.425,2.796222459743465,39.43549055204255,40.359243700466635,48.449880668361246
8434,23.427778,2.4734800471893283,39.415102784313945,40.18157204643265,48.363512049090104
8435,23.430556,2.1510128419771064,39.39483927330103,40.00286932005438,48.27727478682687
8436,23.433333,2.1744142224742777,39.588569595983515,39.63507968051249,48.14476399969796
8437,23.436111,2.1978274449363724,39.78032005194835,39.26650426409861,48.01394478123322
8438,23.438889,2.2212440741027315,39.97004821019506,38.89718696362327,47.88493883562466
8439,23.441667,2.282770501746324,39.70365029708121,38.91548486087876,47.868384655786784
8440,23.444444,2.3443080227083755,39.43694252091669,38.93501434901004,47.84983375369153
8441,23.447222,2.4059008508125928,39.16974365068552,38.95578380910572,47.829271547071514
8442,23.45,2.395736752790576,39.09432128207545,38.88218378719691,47.655431499316656
8443,23.452778,2.5911943908878072,39.03605993722448,38.63302804520368,47.59495060612094
8444,23.455556,2.7857147226488763,38.9777468232988,38.381873634739925,47.53638720589355
8445,23.458333,3.0153505137647105,39.03520156781208,38.18388132560578,47.50041357780545
8446,23.461111,3.141364143080269,38.85620700951274,38.25376588769606,47.37319218867817
8447,23.463889,3.268905708415465,38.684945439875634,38.31560882243051,47.247434221707465
8448,23.466667,3.3910378785597004,38.495699558006606,38.39181386639417,47.20020403620025
8449,23.469444,3.2660041812277907,38.57481203559114,37.992581294500035,47.05472187669386
8450,23.472222,3.140888651133384,38.65236141418483,37.590587855832055,46.91282714910475
8451,23.475,2.953121008544107,38.1428047433128,37.69502655395973,46.829632813631406
8452,23.477778,2.7653882089090818,37.631031215724036,37.802156123688604,46.7449208995313
8453,23.480556,2.5776924482949273,37.11704953934791,37.91197858276079,46.65870066088423
8454,23.483333,2.55482661153696,37.46550751699528,37.46159476407686,46.65005274731369
8455,23.486111,2.5319095896789037,37.81249708949407,37.011016130416714,46.641113807077296
8456,23.488889,2.508951144597072,38.157904539846264,36.56039078578984,46.63188361815735
8457,23.491667,2.5126765678542693,38.14406059764217,36.33684121647164,46.484570881040185
8458,23.494444,2.5164056669709787,38.13024174878154,36.111057546073305,46.33835720127928
8459,23.497222,2.5201411277098344,38.11643793386784,35.88285001662664,46.1931910395865
8460,23.5,2.1710365953591904,38.49397273876233,34.88089051537537,46.04830656511855
8461,23.502778,2.1982891387476347,38.40117848687205,34.75493771564278,45.990290607543486
8462,23.505556,2.225586659252162,38.309163554759714,34.627094420094785,45.93072015842531
8463,23.508333,2.2434623112811014,38.252586724707584,34.44696188312965,45.86152957459445
8464,23.511111,2.261340027982472,38.19618505544054,34.26415789398244,45.79326603824243
8465,23.513889,2.279213370408023,38.13997807780117,34.07871944349858,45.72599050622136
8466,23.516667,2.25292628170806,38.065229905816565,33.88956476573273,45.69549414735612
8467,23.519444,2.22664678481598,37.990641085802096,33.698677420374956,45.665119282181344
8468,23.522222,2.200355745203968,37.91615726805446,33.5059140854591,45.634851645738735
8469,23.525,2.221553251215468,37.86837498114706,33.30488163184472,45.464142844398154
8470,23.527778,2.2427516510794323,37.82074451016181,33.10157758503345,45.29472591482861
8471,23.530556,2.263950932770925,37.77326507136104,32.89598393297101,45.12666064293559
8472,23.533333,2.2900083132600457,37.72294394387111,32.80894799326083,44.67328579667472
8473,23.536111,2.2551253544696763,37.628024754883036,32.627680589172435,44.46132144403277
8474,23.538889,2.220235179816031,37.533272091196004,32.44367044977762,44.251150650346005
8475,23.541667,2.24756976427733,37.50231584694079,32.2453096546128,44.304473363859735
8476,23.544444,2.2748968547589836,37.4715335106758,32.044847669589814,44.35787109776684
8477,23.547222,2.3022361307174517,37.44090204465038,31.842124257446443,44.41137340531314
8478,23.55,2.2952142826947384,37.374603626199466,31.633256056424493,44.34117427709258
8479,23.552778,2.288188209496669,37.30847907734883,31.421310908186562,44.27225905450518
8480,23.555556,2.3156013034471723,37.270801838810904,31.24827619573759,43.92002418568386
8481,23.558333,2.3430041271752877,37.233332806465384,31.07300454118007,43.57012760838891
8482,23.561111,2.3704164131035945,37.19604394840672,30.895347957533424,43.22245621331993
8483,23.563889,2.3573733119669757,37.09997664553955,30.72107112972847,43.1081690462287
8484,23.566667,2.3443397003341886,37.00419124598385,30.544088502972734,42.99397812527421
8485,23.569444,2.3313202630833043,36.90872098784583,30.36444186921237,42.879958210182146
8486,23.572222,2.3514494381468563,36.826026175073366,29.266541464985906,43.80506602597904
8487,23.575,2.3715774989236102,36.743514920553466,28.141471710551883,44.76161062152235
8488,23.577778,2.3917044419293223,36.661186996304636,26.98941383399201,45.749306238084486
8489,23.580556,2.4659687432444404,36.60947943594293,29.61389603689738,42.509104365337826
8490,23.583333,2.4694296950085253,36.58258375678462,29.330388644726064,42.57021034203395
8491,23.586111,2.472890401895297,36.55575103641479,29.04284794779798,42.63307606429542
8492,23.588889,2.47634000378331,36.42818764966371,28.895407944334664,42.63779851574101
8493,23.591667,2.474049148575995,36.35442129570919,28.68241590179162,42.55134054705208
8494,23.594444,2.4717590539626624,36.2808813063307,28.465930891080646,42.466889076924986
8495,23.597222,2.4593076996123084,36.274290428639546,28.158662639610327,42.286569578859556
8496,23.6,2.436023740837557,36.1331929792841,28.021960728908496,42.12580847124416
8497,23.602778,2.4127337763483663,35.992465727968856,27.88298194394695,41.965136333389765
8498,23.605556,2.438883845382559,35.91320166276907,27.709973038636086,41.66741455884113
8499,23.608333,2.4650161628058154,35.83421482995753,27.534589547094377,41.37347838964561
8500,23.611111,2.4911495506133914,35.75544760663194,27.356688480431423,41.08323018242484
8501,23.613889,2.5047571804622937,35.64578303109599,27.159890741210006,41.505396031146674
8502,23.616667,2.6346639429001986,35.622641810316054,26.957361903350666,41.47383513998811
8503,23.619444,2.764674717391001,35.59950813371661,26.752797370414022,41.44180113927254
8504,23.622222,2.535414497268304,35.43104422579399,26.47181247816264,40.729886735425595
8505,23.625,2.5705193840866976,35.355500579677674,26.306448923667716,40.8675808444232
8506,23.627778,2.605621578401525,35.280228509878825,26.13820299468658,41.00561356353318
8507,23.630556,2.646627392279017,35.1887439904476,25.917491775705457,40.93585365823049
8508,23.633333,2.671953601910676,35.145011991732225,25.706047300481693,40.833067925797664
8509,23.636111,2.6972863435187513,35.10144271969916,25.491732020467396,40.73053967076099
8510,23.638889,2.668681463638112,34.98405993402278,25.293770216991184,40.700996693822674
8511,23.641667,2.6400824039675914,34.86697005099188,25.093396557836193,40.6720485540269
8512,23.644444,2.611499437685719,34.75021446429705,24.890678596052673,40.64372267905076
8513,23.647222,2.6695765755054293,34.740705428913444,24.58171334268816,40.548993215281264
8514,23.65,2.728833515178353,34.706301920971775,24.257421400991262,40.30646978817098
8515,23.652778,2.7880932123632345,34.67216170588339,23.92876703443534,40.041316665369834
8516,23.655556,2.770675039898066,34.56243190682892,23.3520193735611,40.36760383222757
8517,23.658333,2.753262057535043,34.45293619099398,22.75278310514802,40.728127560119376
8518,23.661111,2.7358417263287755,34.343595607796466,22.129689804769413,41.12350518690479
8519,23.663889,2.7186016224312564,34.25071345517162,21.793866689396353,40.64443947959803
8520,23.666667,2.712425401744637,34.34867562545877,21.22094844017147,41.059651306836315
8521,23.669444,2.7062511774609312,34.44569343557808,20.63887193667251,41.48626723015869
8522,23.672222,2.752226897899229,34.3875963427116,21.81609251109763,40.67138143504393
8523,23.675,2.70206480546139,34.28552145989354,21.56694591780758,40.36237401144633
8524,23.677778,2.651949620256543,34.183486203508416,21.315319062906937,40.028672901107925
8525,23.680556,2.722571671302928,34.116176546490166,20.95539945006839,40.69493031519004
8526,23.683333,2.7376984751162237,33.87806476558778,20.074043195705173,40.895954927678154
8527,23.686111,2.752825387161012,33.639148218814285,19.149441332053918,41.130159609566924
8528,23.688889,2.7619705830381953,33.5737185161424,19.091342885580048,41.26001730249566
8529,23.691667,2.7711138933803117,33.50839788927557,19.033773609739832,41.38916892223349
8530,23.694444,2.7802520268058952,33.443209649657135,18.97675005497976,41.517573102736876
8531,23.697222,2.88937533444477,33.61790111264791,18.559039960535472,41.68966517701182
8532,23.7,2.872338538243076,33.56396774496418,18.526230908960798,41.429197558737144
8533,23.702778,2.855302141200289,33.510267456569196,18.492813485192535,41.16516906470836
8534,23.705556,2.885165120255964,33.448580998952586,18.311644450751757,41.1470490930971
8535,23.708333,2.8674704065138332,33.21735809162777,18.140616510363685,41.198696286055906
8536,23.711111,2.8497645721534326,32.98529345552758,17.971731987532685,41.24702575763979
8537,23.713889,2.887242373850256,32.885720602193544,17.753439330112116,41.21409137002385
8538,23.716667,2.88995649078125,32.831311860321705,17.22218343908653,41.47129195268542
8539,23.719444,2.874140654036635,32.74178079253195,16.90312634022947,41.470530511223465
8540,23.722222,2.871477161591365,32.663737708630016,16.507671063314618,41.02354583867213
8541,23.725,2.868806443327127,32.585799371778045,16.10909585405374,40.536969113280826
8542,23.727778,2.855290908316695,32.508104626951464,15.814071789936193,40.8263520640472
8543,23.730556,2.8771084525866293,32.41221670205776,15.533016001701036,41.39915386272405
8544,23.733333,2.8989032971195865,32.316359314523694,15.24993449255593,41.968194067047115
8545,23.736111,2.854067254165887,32.235121351282125,11.844108384688997,44.25907117279402
8546,23.738889,2.878590639150632,32.17487235945542,12.988545177968557,43.28713774414586
8547,23.741667,2.9031078536467554,32.114691050519525,14.121505517450185,42.32687190781062
8548,23.744444,2.9236946082953796,32.03136357246344,13.759419248475275,42.11596630661142
8549,23.747222,2.9442868031191534,31.948117926052042,13.39355243904826,41.891309089471626
8550,23.75,2.9648770196908583,31.864984268630018,13.024048355144298,41.65246837766162
8551,23.752778,2.9817810627959656,31.78640402386104,12.679009370361655,42.121761833829694
8552,23.755556,2.9987651470517527,31.707916574934032,12.330845728065018,42.59334819651871
8553,23.758333,3.0158233414005657,31.629550179260605,11.979696943730023,43.06706030236554
8554,23.761111,3.0145234166084798,31.553047839834896,11.596805119648252,43.14906723125453
8555,23.763889,3.0132193587932647,31.47664549367186,11.208961939759728,43.234284172478766
8556,23.766667,3.0119111686953755,31.400343070603128,10.816145828938435,43.32275221611101
8557,23.769444,3.0235373428278915,31.321999194490417,10.439172491741722,43.06534273179106
8558,23.772222,3.0351621317166586,31.243662558102663,10.059081221117186,42.79057112916391
8559,23.775,3.0467813417991945,31.16536153923593,9.676033111431202,42.4978560853833
8560,23.777778,3.696198678991877,32.35416767723739,8.694092707848007,42.53565044849183
8561,23.780556,3.7067188151696033,32.30097940983328,8.30495091943829,42.667447823770445
8562,23.783333,3.7172281863222008,32.24784224297481,7.912491375131289,42.80087888699793
8563,23.786111,3.777648788741139,32.20336319105511,7.40538614334821,42.59887223133246
8564,23.788889,3.7709598422543475,32.147081826117024,7.03859499761132,42.72077904968046
8565,23.791667,3.764269386732858,32.09082184168072,6.668092025476266,42.84462410053665
8566,23.794444,3.7495595053835764,32.04102953920419,6.311314988962135,44.559694833804436
8567,23.797222,3.7418151704903337,31.98646678809329,5.7971802873503435,44.021909432076086
8568,23.8,3.73406908360227,31.9319371171863,5.278740303948801,43.443386244946694
8569,23.802778,3.0053676373954,30.334336741532127,5.747500207666686,45.109949349709005
8570,23.805556,3.00007737672807,30.259028510271875,5.288711336990918,45.31038481149332
8571,23.808333,2.9947850061113126,30.183771936602312,4.827423681633874,45.511705917192906
8572,23.811111,3.0070640916063986,30.142576761643383,4.378979300102394,45.72156851354146
8573,23.813889,3.038087525703359,30.117185988967215,4.016503053340266,44.83029949019611
8574,23.816667,3.0691094029553394,30.091852999864905,3.6503500418230743,43.88520257338831
8575,23.819444,3.1301524804374257,30.067275152965806,3.0639214225335927,44.27923320575162
8576,23.822222,3.135557534163528,30.194808551862323,2.2735690007207197,44.58804488018342
8577,23.825,3.1409601610963165,30.32139717838971,1.4697133636029456,44.90843633589625
8578,23.827778,3.1939963560625717,29.806286218816382,2.1808732488233886,46.409450824004054
8579,23.830556,3.4796305017594413,30.434191076249363,1.3685933868337443,46.64412907942248
8580,23.833333,3.7650374722177133,31.058593090607445,0.55840734607321,46.87853322537171
8581,23.836111,3.7983756009597673,30.98329683284836,0.2799380063103776,46.84984086883543
8582,23.838889,3.7835584929428663,30.90374632314218,359.9173297048719,46.98579357026822
8583,23.841667,3.7687369269889164,30.82422686077647,359.55218545697096,47.12166240442914
8584,23.844444,3.7493863584626492,30.739003108105493,359.0958986037797,47.36118736041915
8585,23.847222,3.728527566111966,30.669018296952736,356.86270892609923,48.89525519299013
8586,23.85,3.7076657396576334,30.599072557222733,354.6403537380246,50.41097490648834
8587,23.852778,3.657842351712647,30.27764386161528,354.65030760539327,50.98715861054996
8588,23.855556,3.6076346066010707,29.956466000737556,354.6584953349548,51.56039450293351
8589,23.858333,3.5570580107299197,29.635658753684204,354.66490838068415,52.13052951947432
8590,23.861111,3.5469432161576897,29.57461417109593,354.6112489832725,51.852088288542404
8591,23.863889,3.573906943339466,29.52215110545133,354.30053276273605,51.85605995798714
8592,23.866667,3.600863297435266,29.469778555383243,353.98716562501477,51.859733397587604
8593,23.869444,3.6345358315758354,29.382826211008222,356.19965899280976,48.41152411078924
8594,23.872222,3.669987002368943,29.356017848946323,355.73305226567027,48.60085741098472
8595,23.875,3.7054360004451876,29.329225166492414,355.26423106552386,48.79055203275989
8596,23.877778,3.4487472512707225,28.917380839175223,355.0050650476476,48.84150785648968
8597,23.880556,3.1944168071992998,28.50577521414707,354.74624931309216,48.8919078017222
8598,23.883333,3.2024532732620425,28.48176601689957,354.1353510192925,49.330692328823005
8599,23.886111,3.2205187884849806,28.4734109868714,353.6235414931035,49.528864549816895
8600,23.888889,3.2385841167138096,28.465067333504493,353.1082348738757,49.728684032199986
8601,23.891667,3.305521145974323,28.444235265824943,352.7312585209909,49.897633713678815
8602,23.894444,3.2963354529221682,28.373986887830604,352.3099083346014,50.09660266317422
8603,23.897222,3.2871424583688373,28.3037158482527,351.887559449789,50.29455753178717
8604,23.9,3.3137679334318904,28.254318962112755,351.4307587008535,50.498695028536325
8605,23.902778,3.288385681186117,28.160732791025353,351.0222917888052,50.74516551961756
8606,23.905556,3.262985458092226,28.067126030991055,350.614106397101,50.989670597375586
8607,23.908333,3.4118339318408264,28.255789032099678,350.10387029548065,51.209736369608756
8608,23.911111,3.5615160607008676,28.444979916009302,349.59271454673456,51.42982011815128
8609,23.913889,3.711981871146426,28.63463916826069,349.08088174023277,51.64978214034015
8610,23.916667,3.6349860141488257,28.570491523535047,348.65873186913404,51.900461374287076
8611,23.919444,3.6189937900021505,28.503381113721844,348.276247908253,51.93667916807493
8612,23.922222,3.602984782876371,28.436257815386874,347.88948790308365,51.97525520713239
8613,23.925,3.608138203911027,28.502221060046125,347.08184109560216,52.54333706684346
8614,23.927778,3.6132872657218424,28.567888695202363,346.2697148681415,53.11537666652187
8615,23.930556,3.61843196540101,28.633262267960376,345.4533105366539,53.691168106815425
8616,23.933333,3.6030890385892214,28.53126940622149,345.1271688181783,53.75527194579601
8617,23.936111,3.6113263899739145,28.45737688460943,344.82768698116814,53.74787580667598
8618,23.938889,3.6195559693421497,28.38354149372055,344.5242078514927,53.742399799502195
8619,23.941667,3.624950996631009,28.33882328395549,343.9994534756564,54.321657649415314
8620,23.944444,3.6252475153611794,28.282979839610014,343.5602740820569,54.526220493442125
8621,23.947222,3.625540762717126,28.227144638290966,343.1195512836566,54.73149915528272
8622,23.95,3.611946484255128,28.172732949030646,342.73254015144573,54.92064524979635
8623,23.952778,3.608527445750113,28.08984351182997,342.5748526957151,55.007991176852315
8624,23.955556,3.605106924938365,28.006998123764383,342.86099109154844,55.09505047604658
8625,23.958333,3.5914783020837238,27.960529899077812,343.39365175118866,55.56433454238828
8626,23.961111,3.6029694329957564,27.909753813285135,343.8454235478337,55.80394596669794
8627,23.963889,3.61445684117926,27.85897179858985,344.29849051610654,56.04374020361108
8628,23.966667,3.596917999567232,27.430348181344947,343.56162230388213,55.2593090651128
8629,23.969444,3.5265703272356905,27.328349713537456,344.73404804473785,56.652365263147786
8630,23.972222,3.4562052067324167,27.2263371107763,345.89002571996645,58.02792957525838
8631,23.975,3.46058982889166,27.15760955554255,345.8245251135502,57.598566006939095
8632,23.977778,3.464962138289131,27.088910750890598,345.7589302445593,57.163265861232674
8633,23.980556,3.4693221305461375,27.02024074911155,345.6932391701593,56.72195181536968
8634,23.983333,3.4695514170878976,26.94695005281656,346.4187685509588,57.429460650189256
8635,23.986111,3.469771393905173,26.873648585824455,347.1431959627545,58.136036514407124
8636,23.988889,3.4699819682708313,26.800362851747913,347.86597070614397,58.84113463054702
8637,23.991667,3.4892197210031526,26.752572423170456,348.3113986217318,59.00608844406983
8638,23.994444,3.485450741377802,26.691305721348733,348.25058398033514,58.45849899068705
8639,23.997222,3.4816625963814545,26.630054250425736,348.18953767883005,57.903686482297516
8640,24.0,3.49771412246454,26.778484583443664,349.31026545202457,58.59680828668755
8641,24.002778,1.2531930343705309,25.723702551829113,350.2286965245377,59.66870483587829
8642,24.005556,359.00632982926425,24.635067140115567,351.13483410953427,60.72801178306965
8643,24.008333,358.9216290624255,24.557982460570187,351.67074609465266,61.062358463779375
8644,24.011111,358.83682732648185,24.48078162079471,352.210841107283,61.39965134458191
8645,24.013889,358.7519549241066,24.403492231492002,352.7548663970261,61.73970695432631
8646,24.016667,358.7741596733322,24.36938604037946,353.20685265100445,61.956192914374554
8647,24.019444,358.79231731163446,24.36344631391013,353.7175179709572,62.26540201692923
8648,24.022222,358.8104808295409,24.357498835903023,354.2294473071187,62.57449701922731
8649,24.025,358.83239103756097,24.30026903869235,354.6446340058452,62.798757312790315
8650,24.027778,358.9071670153509,24.27774107529215,355.04772742153455,63.010402790284175
8651,24.030556,358.9819458886301,24.255221726695574,355.45243610661265,63.2224343419533
8652,24.033333,359.0164740042707,24.035936500227287,355.2246881738613,62.98808381346498
8653,24.036111,359.05102625279847,23.81549145995518,354.99578706606576,62.75197927950765
8654,24.038889,359.1018627459684,23.78281397916014,355.4258281627941,63.01701558046982
8655,24.041667,359.56544878093973,23.893924158268142,355.8000516531546,63.21777226556327
8656,24.044444,0.031064401280241682,24.001722758176115,356.1748643545473,63.41773904853474
8657,24.047222,359.09014123020467,23.565035045944295,356.59885114284526,63.689680720309994
8658,24.05,358.9916095440399,23.381823075655902,356.84365075036663,63.78186498476491
8659,24.052778,358.8929207791856,23.19840982899862,357.0905197037762,63.8747705020792
8660,24.055556,358.8582257053297,23.101889319048766,357.3729569394704,63.364038390595326
8661,24.058333,358.8235199833397,23.005406116324895,357.6566052821269,62.83610663360788
8662,24.061111,358.78877839746536,22.908890796155156,357.94164720671563,62.29040803574122
8663,24.063889,358.8411907178442,22.817278245509453,358.2833064065953,62.69558614866726
8664,24.066667,358.8647969371021,22.757830978113823,358.8266311795303,63.280771530546545
8665,24.069444,358.88836089009334,22.6984419872095,359.37104696712055,63.86698806324634
8666,24.072222,358.66914663653404,22.543236644895313,359.7198381481284,65.60025615998573
8667,24.075,358.70073124295607,22.516667142924355,0.20448415234836048,65.87806880488598
8668,24.077778,358.7323391994037,22.490119906897974,0.6912885207046884,66.15716242789573
8669,24.080556,358.747239162232,22.44939475326759,1.0211192890004313,66.38265554766399
8670,24.083333,358.76557636375395,22.38570588551082,1.363860264041051,66.50111946380383
8671,24.086111,358.78399930264897,22.321988772408215,1.7084854999890773,66.6195974522392
8672,24.088889,358.71368166514185,22.20963167165904,1.9445647743259578,66.76551318796353
8673,24.091667,358.7072022514768,22.159535053933812,2.232820860923308,66.83154311491923
8674,24.094444,358.7006943697887,22.10949228031525,2.5230921833368,66.89684184607746
8675,24.097222,358.720728678801,22.181244709458127,3.283016914607689,67.32408468845259
8676,24.1,358.74075981644836,22.252749278175152,4.0474563765542975,67.75457153992915
8677,24.102778,358.76078777801234,22.324007029657263,4.816257014974159,68.18814551558259
8678,24.105556,358.78145914570024,22.27644384754024,5.062232965473637,68.25462476269288
8679,24.108333,358.8020926033528,22.22890758220692,5.308771382309832,68.32014417616818
8680,24.111111,358.82270301101386,22.181364012338467,5.556037477370282,68.38472842411157
8681,24.113889,358.81923463668267,22.146865943444055,5.2613633587480635,68.13919237849626
8682,24.116667,358.8966463637944,22.111312296470377,5.618717893156013,68.35570894660987
8683,24.119444,358.97412473626116,22.07580550092623,5.976047529315132,68.57094839282993
8684,24.122222,359.9644500176612,22.49864533468483,6.237448258432085,68.70237484676854
8685,24.125,0.9544799496436855,22.91434703833299,6.499045012399016,68.8326659105602
8686,24.127778,1.9443623986557714,23.323014891253326,6.760820418702281,68.96179251285486
8687,24.130556,2.8783468378527424,23.56643950462259,6.679388763291303,68.79415540678237
8688,24.133333,2.806734038111907,23.445922497852028,6.915841495684575,68.87597279845717
8689,24.136111,2.735087939823366,23.325263461863802,7.152559127055273,68.95675666271148
8690,24.138889,2.626883808452776,23.264965375901447,7.534751027985056,69.12513927535136
8691,24.141667,2.518667405456453,23.20448751690956,7.918414655884337,69.29329689489303
8692,24.144444,2.410475912467211,23.143850716310855,8.30338247081841,69.46112818829333
8693,24.147222,1.9687196382684053,22.671584036071195,8.420416981318894,69.5901554817274
8694,24.15,1.527889565819713,22.198485662099362,8.53814995044823,69.72018730937098
8695,24.152778,1.0880005707356606,21.7245596493956,8.656575566315539,69.85122272814054
8696,24.155556,1.5527213861051319,22.08190864307656,9.512411613715766,70.4105028671351
8697,24.158333,2.0186722311752305,22.439760643198863,10.37247479705665,70.97635725330665
8698,24.161111,2.486175137649669,22.79836913273711,11.237110757591374,71.54890270901033
8699,24.163889,2.4392736667960815,22.72833777247524,11.427661031538207,71.53750040092571
8700,24.166667,2.3923782609195605,22.65829061047738,11.618932259832043,71.52489471355804
8701,24.169444,2.3455058243844427,22.588252904949826,11.810851810735166,71.5110717582401
8702,24.172222,2.2485990048963913,22.235411060940557,10.672163513019086,70.50405250725929
8703,24.175,2.289015693868322,22.22854510706903,10.969188413993955,70.70181027270576
8704,24.177778,2.3294167309384104,22.22164103750271,11.266546112041311,70.89919764733719
8705,24.180556,2.219108206286476,22.18332033176885,11.595552719001223,71.0057344467932
8706,24.183333,1.8005911709802316,21.94275184957117,11.861379445572876,71.1146301118122
8707,24.186111,1.3815410412028442,21.701022010086408,12.127770445151732,71.22324746621919
8708,24.188889,359.8790565956284,20.936432323826015,12.355725311266948,71.29907629530567
8709,24.191667,359.99755532126596,20.94536833834357,12.552585496882813,71.46019244227556
8710,24.194444,0.07417773996742305,20.91670080860541,12.791197014941009,71.51416375129828
8711,24.197222,359.9799170173561,20.856293798331713,13.134688163848601,71.73162434314877
8712,24.2,359.8856215840056,20.79591005310458,13.47868456549244,71.9495012539981
8713,24.202778,0.5057056081309135,20.863219554966324,13.628621332732624,72.07729456722176
8714,24.205556,1.124933716769549,20.927470096189225,13.777393947309402,72.20419572757777
8715,24.208333,1.7430657546303863,20.988652024565724,13.924923504662608,72.33014160518074
8716,24.211111,0.8907129510154377,20.534283313958067,14.168683989391017,72.496689354234
8717,24.213889,0.03715495396399149,20.076874110387863,14.41313909230426,72.66372417484035
8718,24.216667,359.1824403153878,19.616429368653375,14.65827482290095,72.83123305500675
8719,24.219444,359.39575595549735,19.88750169341671,14.94413272990252,72.82251725835917
8720,24.222222,359.6109542820763,20.15986298769369,15.229824229488813,72.81294787028342
8721,24.225,359.827974442813,20.433442382105657,15.515250071439112,72.80252085616483
8722,24.227778,359.9181059336804,20.423334469764058,15.692196031013339,73.00900889531778
8723,24.230556,359.8572912199566,20.335048231185667,15.768729020864775,73.03672608806816
8724,24.233333,359.7966833118942,20.246868913853188,15.846036201200285,73.06473931929513
8725,24.236111,359.47077237949475,19.851914998318524,16.061521500821236,73.2714912505825
8726,24.238889,359.78981409939655,19.82986312903844,16.15820006415516,73.19582752833887
8727,24.241667,0.10958055121635546,19.80782627556723,16.255541104191977,73.1193763317648
8728,24.244444,359.9528051143962,19.776766627232917,16.345785309793868,73.09035175050701
8729,24.247222,359.79605344121285,19.745735259636508,16.436375669601105,73.06107866484253
8730,24.25,359.6393854795174,19.71474345965657,16.527278894928585,73.03156728686919
8731,24.252778,359.79097759527593,20.165142916318278,17.08270616494626,72.48709407496821
8732,24.255556,359.94250123906994,20.61532052899699,17.638007004865564,71.93256367317345
8733,24.258333,0.09389649668819544,21.065100491621674,18.19295449461704,71.36838972267712
8734,24.261111,0.0912989707834253,21.01337437428618,18.369358076273144,71.45642213932778
8735,24.263889,0.08870000722060745,20.961717146266807,18.546333351474196,71.54475904034199
8736,24.266667,0.0860996016232054,20.910128738069673,18.72387467928059,71.63339609233036
8737,24.269444,359.45669505340675,19.55374956706989,18.205777366388467,71.84194775505978
8738,24.272222,359.4188335512947,19.485789814918842,18.236809778017374,71.7864504803632
8739,24.275,359.38098342661925,19.417840207501378,18.26801045884983,71.73067864877694
8740,24.277778,359.40920883920035,19.412302450110356,18.449008202896415,72.02397943861862
8741,24.280556,359.39014848902366,19.365893231520857,18.608432258904443,72.16959501544228
8742,24.283333,359.3711103241066,19.319487075502572,18.768020115227337,72.31526977022747
8743,24.286111,359.2028653972679,19.035382707739775,18.696578599383187,72.27042017271366
8744,24.288889,359.03453323469597,18.75072564486775,18.62479876415201,72.22535681552223
8745,24.291667,358.8661152262317,18.465517080739588,18.552680511201103,72.18007942641263
8746,24.294444,358.7706550190156,18.387220056536144,18.617845888767583,72.82995672092186
8747,24.297222,358.67510040452527,18.30889423524333,18.683085071482814,73.47692862332471
8748,24.3,358.57948582108435,18.230567877020825,18.748373975405478,74.12069082809779
8749,24.302778,358.5469375534382,18.166377359788697,18.75212937020372,74.07714443923636
8750,24.305556,358.5144169132459,18.10220218460539,18.75596328632396,74.03340296876863
8751,24.308333,358.48193555810434,18.038065580738376,18.75987434606941,73.98948211005911
8752,24.311111,358.45796382305235,18.010054230244005,18.9250312267729,74.15174540447283
8753,24.313889,358.43400823434916,17.982070775393474,19.089839230022875,74.31371007558425
8754,24.316667,358.41006884540656,17.954115271808888,19.25429429088183,74.4753719235775
8755,24.319444,358.2965999223205,17.907162776900492,19.407252473581607,74.58372204374048
8756,24.322222,358.37659763129,17.911681092169644,19.473632074548547,74.61507979632883
8757,24.325,358.4566583723921,17.916268294498554,19.540079531746954,74.6465184052436
8758,24.327778,358.28785782060106,17.820127722527225,19.582630691418373,74.66276096261893
8759,24.330556,358.2751529346461,17.813057475638907,19.635752259850833,74.63673288769938
8760,24.333333,358.2624941940016,17.80604118641802,19.688891052201214,74.61070189589213
8761,24.336111,0.09169128631336321,18.737378527674142,19.714323941433165,74.57734428834111
8762,24.338889,0.10151093365762698,18.732541259691292,19.75770948637858,74.55213257855489
8763,24.341667,0.1113611092192528,18.72774577190376,19.801067759787657,74.52695940037837
8764,24.344444,0.20972982866474155,18.77673516813777,19.82638272427763,74.49700721300665
8765,24.347222,0.3081705222347697,18.825748738099133,19.851725729906086,74.4669885237882
8766,24.35,0.4066476517187194,18.874768575004524,19.87708757355722,74.43691429900493
8767,24.352778,0.32537578193069194,18.83210585570402,19.910359809880056,74.41057851286492
8768,24.355556,0.24406576381803546,18.789425771791297,19.943701679789967,74.38434839634087
8769,24.358333,359.95857026487187,18.675675263816718,19.94648369755135,74.35813886019288
8770,24.361111,359.96403870142126,18.642369266663927,19.889985777319517,74.31734007708263
8771,24.363889,359.96953797540624,18.609269383785314,19.833693797421972,74.27665698653657
8772,24.366667,359.99522141581656,18.65619022624954,19.98053862395698,74.33971878187101
8773,24.369444,359.95260019497374,18.632465429089837,19.946652282252614,74.39537852729282
8774,24.372222,359.91066677070313,18.609151800212537,19.91296173346535,74.4510975276641
8775,24.375,359.9041554907693,18.598167964556602,19.92145967495054,74.45181795920205
8776,24.377778,359.89766955458407,18.58724121470249,19.930010351549903,74.45262082714991
8777,24.380556,359.8912090733564,18.576371646062643,19.938613759951735,74.45350605392872
8778,24.383333,359.8868102644103,18.58564041116148,19.964194912988667,74.47908615233568
8779,24.386111,359.88248190275107,18.595001686277623,19.989849450586412,74.50477772149858
8780,24.388889,359.8782257731271,18.604452280022983,20.015568111034803,74.53057133847665
8781,24.391667,359.92704744685403,18.6083755639001,20.009725289510925,74.53078747406347
8782,24.394444,359.8715647873885,18.57954578223085,20.003830281727964,74.52040714506487
8783,24.397222,359.8160831590324,18.55075519848562,19.998012618579004,74.51012093808338
8784,24.4,359.8110850632008,18.552320270264723,19.999122847659663,74.47666012751928
8785,24.402778,359.8061363829227,18.553968056413883,20.000277497515,74.44332188661127
8786,24.405556,359.8012373107128,18.555698719007406,20.00147656888938,74.41010613993764
8787,24.408333,359.77070126910286,18.558766858395604,20.021450670239567,74.41170216048911
8788,24.411111,359.74026779250363,18.561940422244255,20.04150966550909,74.41340046085737
8789,24.413889,359.7099483250751,18.565218637331196,20.06164639057892,74.41520049034499
8790,24.416667,359.8536571804022,18.603778088714684,19.962690026882534,74.33194427043298
8791,24.419444,359.99744774763064,18.642329808585725,19.86375947892501,74.24875161978814
8792,24.422222,0.14142352373461442,18.680901205378458,19.764783638987865,74.16556261832969
8793,24.425,359.95271791180437,18.591618295039407,19.72127038079997,74.14134137145183
8794,24.427778,359.7640502185773,18.502122859200636,19.677762315366024,74.11714088380731
8795,24.430556,359.57541995887937,18.412413622324852,19.634259472021753,74.09296111685504
8796,24.433333,359.62775848348815,18.40884569379392,19.58493091244847,74.0689494120144
8797,24.436111,359.7209072677011,18.452983910657395,19.533216961009614,74.05029488997258
8798,24.438889,359.8139240646963,18.496986682633217,19.48150832391798,74.03165643510488
8799,24.441667,359.7367286118975,18.434053048179287,19.440626709663285,74.02624190183987
8800,24.444444,359.6595752609854,18.37105659459963,19.399760996525515,74.02084897770052
8801,24.447222,359.58240768141786,18.307951371358396,19.358881809739408,74.01547372179138
8802,24.45,359.52937392377055,18.253331343062968,19.31607199033649,74.01509626029576
8803,24.452778,359.47637452010247,18.198705348955446,19.273270279305486,74.01474311018215
8804,24.455556,359.42340940142753,18.144073396497884,19.230476753195205,74.01441416542683
8805,24.458333,359.43620417377997,18.124390931002992,19.213944434982132,74.00237068839657
8806,24.461111,359.4133232508851,18.103641938323346,19.106238316630474,73.95755324538345
8807,24.463889,359.39047903155966,18.0829535426484,18.998514200569126,73.91269220673296
8808,24.466667,359.45779256214024,18.081047051598308,18.954628726536008,73.90318202160779
8809,24.469444,359.2875759125338,18.01366687516269,18.923301833132562,73.88677327189815
8810,24.472222,359.1171392678572,17.946127817799727,18.891968243300674,73.87038700236818
8811,24.475,359.2652859776721,18.013623373298095,18.85050113017462,73.84530110651653
8812,24.477778,359.4135195406557,18.081153197493624,18.809039524910844,73.82022990253226
8813,24.480556,359.5618394388898,18.148716732766253,18.767583431520144,73.79517333702026
8814,24.483333,359.53404181624035,18.141509551254664,18.723158665651106,73.7816664673643
8815,24.486111,359.47418924312535,18.105212052078237,18.67772761056669,73.75858224260429
8816,24.488889,359.414355832256,18.068955104501885,18.632329303900832,73.73552055700955
8817,24.491667,359.4046017273523,18.076801520185633,18.589825758696037,73.7179771262003
8818,24.494444,359.3949614942721,18.084798981635974,18.54735633914993,73.70044939992623
8819,24.497222,359.3854288324763,18.09295381819662,18.50489045125085,73.6829247129439
8820,24.5,359.3669605838603,18.055724446584204,18.432835307314605,73.65051710874702
8821,24.502778,359.348530086802,18.018567286931248,18.36079972011465,73.61812017451305
8822,24.505556,359.33013751486806,17.98148254240702,18.28878373154295,73.5857338259143
8823,24.508333,359.1152607647514,17.89031417177433,18.25251891878871,73.56625925928662
8824,24.511111,358.90032828801367,17.798622677852563,18.216250204967373,73.5467966745171
8825,24.513889,358.68541108840543,17.706435094234422,18.179990656320093,73.52735302614332
8826,24.516667,358.60824654316946,17.692735324120296,18.155150167147248,73.51488889215514
8827,24.519444,358.53105199944054,17.67908912850401,18.130331513538863,73.50246525110063
8828,24.522222,358.50515463446357,17.65375710638447,18.07693397899577,73.419625605553
8829,24.525,358.4767887877915,17.64665561023652,18.081919070565682,73.44915386086271
8830,24.527778,358.44844076840633,17.639600215433664,18.086918159453163,73.47867862100624
8831,24.530556,358.3453608933331,17.62883962953186,18.06690372210587,73.4703897040726
8832,24.533333,358.33266056884116,17.62235560321777,18.019728802614395,73.43134229586224
8833,24.536111,358.3199548612172,17.61594343117642,17.9725527355075,73.39231881967503
8834,24.538889,358.453117110839,17.70586259266097,17.912258542558654,73.30281020004112
8835,24.541667,358.5865255781335,17.79603352033569,17.851911310848706,73.21329930700558
8836,24.544444,358.72013177452277,17.886423222494166,17.791532492637486,73.1238180476794
8837,24.547222,358.68918277487137,17.879220773553254,17.747929399433744,73.09117817294012
8838,24.55,358.65832606135876,17.87210090997774,17.704338529947904,73.05855480254762
8839,24.552778,358.6275620357093,17.86506397360047,17.660759882675265,73.02594790062328
8840,24.555556,358.16503245732076,17.65992584692363,17.619924295234107,72.99942950874905
8841,24.558333,358.42388112307486,17.798920481593647,17.574928658834814,72.97197881843393
8842,24.561111,358.6831511501455,17.938333619958705,17.529940203328145,72.9445342564208
8843,24.563889,358.6341476123913,17.928780338338456,17.48945264514265,72.94512555996383
8844,24.566667,358.58520060864424,17.91933308971142,17.448989064448654,72.94570741297746
8845,24.569444,358.5363284132536,17.909995697284984,17.408564012738267,72.94627963678207
8846,24.572222,358.6732652830983,17.98185583329921,17.369703607154655,72.93640226924772
8847,24.575,358.58575174936624,17.955355548576655,17.294000195384967,72.88614468128023
8848,24.577778,358.49815489095226,17.928890441374815,17.21831449213694,72.8358996329698
8849,24.580556,358.46775868848897,17.90918711361003,17.16746050045139,72.79731554056404
8850,24.583333,358.4045019332063,17.902743999321167,17.133110687384566,72.77440702443285
8851,24.586111,358.34132607287506,17.896376271183808,17.09876357653338,72.75150720418199
8852,24.588889,358.4519705483881,17.990146888059055,17.05795768509052,72.71362502103065
8853,24.591667,358.2312284563155,17.880431803201656,17.007182020694195,72.67110868630324
8854,24.594444,358.0102173505762,17.770600323197915,16.95643845996588,72.62862411720269
8855,24.597222,358.0994833208934,17.857544406684465,16.92625336987244,72.59339276671783
8856,24.6,358.18927171872457,17.945010892970693,16.896080625289933,72.55818945772201
8857,24.602778,358.2795854038329,18.033002644728548,16.865920222221533,72.52301415746956
8858,24.605556,358.33726128835553,18.044587291396585,16.811969424691227,72.48326064443674
8859,24.608333,358.3136300142274,18.076155548058882,16.780992427222614,72.43824304796154
8860,24.611111,358.2899881960836,18.107875231400065,16.750016987926443,72.39326089639745
8861,24.613889,358.2781206239184,18.096619929854008,16.664395964428586,72.31635758555787
8862,24.616667,358.26634962117214,18.08546497992062,16.578765408767786,72.23946099938229
8863,24.619444,358.25467990309323,18.074414869577442,16.49315624068379,72.16259885894563
8864,24.622222,358.19753526972966,18.11513046139368,16.431884393492176,72.14116623524144
8865,24.625,358.15163970012514,18.0918319816961,16.401254849694574,72.11420471922102
8866,24.627778,358.1057297493493,18.0685432329026,16.370636551632572,72.08725823711535
8867,24.630556,358.1362462094523,18.099900165281376,16.324162521317476,72.06255624706773
8868,24.633333,358.166964041807,18.131510993781774,16.27773054697552,72.03786714500602
8869,24.636111,358.1979064985376,18.163399598976365,16.231307172758626,72.01317314302362
8870,24.638889,358.11564669987797,18.147589500203253,16.193425892225527,71.9902931845945
8871,24.641667,358.03335083989367,18.131829529896283,16.155554759478953,71.9674113340969
8872,24.644444,357.9510491223466,18.116125493609594,16.11770738628588,71.9445358192296
8873,24.647222,358.0651663045092,18.173326335601,16.08601366474216,71.92790743942261
8874,24.65,357.9768816672317,18.140904637254874,16.05336287856973,71.90948842119904
8875,24.652778,357.8884835195734,18.108485179762084,16.020729495487018,71.89107393735841
8876,24.655556,357.9619827604518,18.190385523815447,15.984502439434024,71.86926572268223
8877,24.658333,357.97992242295294,18.217290943744164,15.948880997624357,71.83927697710381
8878,24.661111,357.9980271674144,18.244380270636544,15.913253618971297,71.80928617042001
8879,24.663889,358.0774248917232,18.282559926094716,15.874552340461648,71.79155727739845
8880,24.666667,357.98422972534013,18.268052777033994,15.825241675984195,71.75922168858554
8881,24.669444,357.8911118299081,18.253668965987572,15.775973775912135,71.72689028736671
8882,24.672222,358.027704431103,18.29551063031529,15.739658482934509,71.7082311731893
8883,24.675,358.0527777203467,18.315892161260756,15.708341072486576,71.6880166944003
8884,24.677778,357.97543115861833,18.305556355255767,15.77187934232866,71.74456917179617
8885,24.680556,357.89799803410716,18.295250978725857,15.835588919066424,71.80127348567129
8886,24.683333,357.8205064542948,18.284979717077306,15.899446888805656,71.85810931142312
8887,24.686111,357.8435446816622,18.30832396478467,15.86524122580444,71.8314458515918
8888,24.688889,357.8538037349026,18.351922997677548,15.836936217643562,71.74463560741053
8889,24.691667,357.86434195737877,18.39585683947126,15.808645526766306,71.65783529254372
8890,24.694444,357.775199299688,18.361233006177653,15.789637493239603,71.65346407743374
8891,24.697222,357.6859410786653,18.32661151670267,15.770662318985387,71.64910670156317
8892,24.7,357.596599604365,18.292004753633762,15.75172685140572,71.64476475935406
8893,24.702778,357.5932148378806,18.283282214462524,15.69811616748364,71.623516047768
8894,24.705556,357.58989694770287,18.27468956299668,15.644513991247358,71.60225493929656
8895,24.708333,357.58664756890914,18.266230361389884,15.590939611546851,71.5809890706639
8896,24.711111,357.7659665066493,18.396804004312536,15.58739474512624,71.58636378607876
8897,24.713889,357.7775962592209,18.378304001621927,15.581579318339443,71.61698019345604
8898,24.716667,357.7892975731676,18.359930782384108,15.575846483968341,71.64765660207654
8899,24.719444,357.24586154921894,17.90567673251501,15.47591070091466,71.69170891727444
8900,24.722222,357.35724155299084,18.224269206854412,15.647066159431148,71.72176022193939
8901,24.725,357.46908574048535,18.54307302315456,15.817820940732425,71.75189766226319
8902,24.727778,357.7492086710649,18.995340738057717,16.021467935807934,71.81673031024819
8903,24.730556,358.03224815055523,19.449461470249123,16.224097374627803,71.88164338634203
8904,24.733333,358.3181205057976,19.905302801861083,16.425649028470843,71.94661336691554
8905,24.736111,358.29030501780954,19.936363508964156,16.514494429864904,72.02712710100081
8906,24.738889,358.2625975810756,19.96757191607373,16.6033619125374,72.10766174298404
8907,24.741667,358.234999175871,19.99892887665778,16.692250983777733,72.18821680423062
8908,24.744444,358.0370408048235,19.925898928558006,16.668602824723635,72.04764995826389
8909,24.747222,357.98187358164245,19.8517587938307,16.642010010402018,72.06174407931272
8910,24.75,357.92663908066254,19.777594017250085,16.61548255006138,72.0758846654093
8911,24.752778,357.8523853463064,19.709082993575866,16.47780428768734,72.00564275527103
8912,24.755556,357.97341547849504,19.775587153532392,16.49399441980858,72.03929439597616
8913,24.758333,358.09480561035593,19.842496704126166,16.510233259876273,72.07297415754252
8914,24.761111,357.9252625588019,19.808401792880698,16.54680708930649,72.11580950181529
8915,24.763889,357.87260857911724,19.785690038820427,16.570940399093978,72.17271600082304
8916,24.766667,357.8199438761037,19.763038539344656,16.59511275289863,72.22964008097934
8917,24.769444,357.8092162624485,19.768923509410026,16.627562907887963,72.27828015005709
8918,24.772222,357.79867820549754,19.775086805676047,16.66012045706109,72.32698165902289
8919,24.775,357.7883354871778,19.781528130326585,16.692773526665583,72.37572695634181
8920,24.777778,357.7029681679887,19.666856212876432,16.67349527363507,72.40051546074137
8921,24.780556,357.2135205971962,19.400543489380112,16.720494394143408,72.46151015292348
8922,24.783333,356.7228029205424,19.134318804572498,16.76756217848093,72.52252746399947
8923,24.786111,356.12448506763525,18.846349415653787,16.776147146442803,72.5624169935908
8924,24.788889,356.1899163373206,18.84968765529867,16.818564587734002,72.57688302174039
8925,24.791667,356.2555528291301,18.853241320619485,16.861374632302493,72.59171078116736
8926,24.794444,356.1899524240978,18.802639617801393,16.827930654504897,72.5871813983121
8927,24.797222,355.6287218447602,18.02530024881216,16.60145474045757,72.65130484635684
8928,24.8,355.069679621178,17.246703683452637,16.37163040882392,72.71552803295563
8929,24.802778,355.10890132359714,17.264555245524527,16.40655937369396,72.76841034991833
8930,24.805556,355.1482893436188,17.282649618775874,16.44161119716658,72.82136128715581
8931,24.808333,355.1878302575415,17.3009810877526,16.476773055348467,72.87436161923803
8932,24.811111,355.17676157237855,16.818388572506205,15.438559373926516,72.32412931039826
8933,24.813889,355.1658388212146,16.342950762950938,14.375027711664288,71.74153572834221
8934,24.816667,355.1550632612478,15.874606403742757,13.283137421642781,71.12360255415888
8935,24.819444,355.09723887099835,17.30938584955062,16.54183471977442,72.98439967141415
8936,24.822222,354.9749071367308,144.80997363903083,161.82049105860642,60.49504682970125
8937,24.825,354.85226258243404,144.8645146686569,162.42095502398755,91.20568144062355
